Source,Target,Weight
0,7,1966
4,0,1058
103,104,2
14,24,30
14,32,27
105,31,53
106,33,53
37,33,5
24,33,9
45,33,9
24,45,6
16,22,1
14,16,2
14,45,5
32,33,16
48,69,5
107,108,1
109,108,1
85,67,3
37,110,3
103,0,1
40,33,12
40,75,1
39,18,1
111,112,1
93,18,1
57,45,1
14,50,3
40,45,9
107,6,5
21,7,7
14,113,7
45,65,8
40,52,2
32,50,5
114,106,1
115,96,2
14,97,1
24,116,1
39,101,1
117,94,1
45,114,8
20,45,1
118,119,1
7,1,104
0,1,104
4,7,1052
7,3,226
0,3,226
21,8,6
8,7,6
14,46,3
24,46,3
16,46,3
16,32,3
32,46,3
14,35,28
35,32,24
106,31,45
31,33,44
32,37,4
103,10,1
104,10,1
14,38,1
24,38,1
37,120,2
120,33,1
121,37,8
121,45,8
37,45,10
42,7,2
42,27,2
27,7,6
45,120,1
45,106,8
58,79,3
58,122,3
79,122,3
123,114,8
123,65,8
114,65,8
50,33,1
50,45,2
32,40,8
50,40,3
54,124,2
54,125,2
124,125,3
14,126,1
50,126,1
127,59,3
127,122,3
59,122,3
128,86,3
128,65,7
65,86,3
99,14,1
99,116,1
14,116,1
14,129,1
24,129,1
14,96,2
14,37,2
96,37,2
32,45,5
32,31,21
45,31,11
7,2,194
0,2,194
4,2,194
4,3,109
15,4,3
15,101,3
15,72,3
4,101,6
4,72,3
101,72,3
14,12,2
24,12,2
46,12,2
35,24,16
24,32,12
106,105,40
105,33,39
14,106,15
14,105,20
14,31,20
35,106,12
32,106,16
121,40,1
37,40,4
27,56,2
27,6,5
7,56,2
7,6,5
56,6,2
130,131,1
130,132,1
130,45,1
131,132,1
131,45,1
132,45,1
32,105,20
35,31,15
35,105,15
68,10,1
19,10,1
133,10,4
68,19,1
68,133,1
19,133,1
35,33,8
14,134,1
14,135,1
32,134,1
32,135,1
134,135,1
71,39,1
71,54,1
71,53,1
39,54,1
39,53,1
54,53,2
136,49,2
49,72,1
49,110,1
136,72,1
136,110,1
110,72,1
128,123,8
128,75,3
37,128,1
123,75,3
37,123,1
37,75,1
24,106,8
24,105,15
24,31,15
14,33,11
40,106,11
40,105,13
40,31,13
39,76,1
39,112,1
39,137,1
39,52,1
76,112,1
76,137,1
76,52,2
112,137,1
112,52,1
137,52,1
35,40,12
14,40,12
26,40,6
24,40,7
35,26,5
14,26,5
26,24,5
32,123,2
32,114,1
32,65,1
45,123,8
35,45,4
35,50,1
50,106,1
89,4,2
138,4,2
36,4,2
4,139,2
89,138,2
89,36,2
89,139,2
138,36,2
138,139,2
36,139,2
14,140,1
35,140,1
24,140,1
32,140,1
141,142,4
141,143,4
141,144,3
141,145,3
141,146,4
142,143,4
142,144,3
142,145,3
142,146,4
143,144,3
143,145,3
143,146,4
144,145,2
144,146,3
145,146,3
21,147,5
21,95,2
21,72,1
147,8,5
147,95,2
147,72,1
147,7,5
8,95,2
8,72,1
95,72,1
95,7,2
72,7,1
45,105,6
37,31,3
37,105,3
9,29,4
9,148,4
9,41,4
9,17,4
9,56,1
29,148,4
29,41,4
29,17,4
29,56,1
148,41,4
148,17,4
148,56,1
41,17,4
41,56,1
56,17,1
32,115,1
32,96,1
32,128,1
115,45,1
115,128,1
115,123,1
96,45,5
96,128,5
96,123,5
45,128,7
117,76,1
117,52,1
117,45,1
117,86,1
26,117,1
117,40,1
76,45,1
76,86,1
26,76,1
76,40,1
45,52,1
86,52,1
26,52,1
45,86,3
26,45,1
26,86,1
40,86,1
96,114,4
128,114,6
114,31,4
96,65,5
96,31,5
128,31,4
123,31,4
65,31,5
14,65,1
96,40,1
96,105,1
37,65,1
40,65,1
65,105,1
149,150,2
149,151,2
149,152,2
149,153,2
149,34,2
149,154,2
149,155,2
150,151,2
150,152,2
150,153,2
150,34,2
150,154,2
150,155,2
151,152,2
151,153,2
151,34,2
151,154,2
151,155,2
152,153,2
152,34,2
152,154,2
152,155,2
153,34,2
153,154,2
153,155,2
34,154,2
34,155,2
154,155,2
10,101,4
156,101,1
157,101,3
133,101,3
0,101,5
101,93,5
156,10,1
157,10,3
4,10,4
0,10,4
10,93,4
156,157,1
156,133,1
156,4,1
156,0,1
156,93,1
157,133,3
157,4,3
157,0,3
157,93,3
133,4,3
133,0,3
133,93,3
4,93,5
0,93,5
102,101,2
158,101,2
102,10,2
158,10,2
157,102,2
157,158,2
102,158,2
102,133,2
102,4,2
102,0,2
102,93,2
158,133,2
158,4,2
158,0,2
158,93,2
160,159,66
161,159,66
162,159,66
163,159,66
164,159,66
165,159,66
166,159,66
159,167,66
159,168,66
161,160,66
162,160,66
163,160,66
164,160,66
165,160,66
166,160,66
160,167,66
160,168,66
161,162,66
161,163,66
161,164,66
161,165,66
161,166,66
161,167,66
161,168,66
162,163,66
162,164,66
162,165,66
162,166,66
162,167,66
162,168,66
163,164,66
163,165,66
163,166,66
163,167,66
163,168,66
164,165,66
164,166,66
164,167,66
164,168,66
165,166,66
165,167,66
165,168,66
166,167,66
166,168,66
167,168,66
149,74,1
149,92,1
150,74,1
150,92,1
151,74,1
151,92,1
152,74,1
152,92,1
74,153,1
74,34,1
74,154,1
74,155,1
74,92,1
153,92,1
34,92,1
154,92,1
155,92,1
101,91,2
169,101,2
87,101,2
170,101,2
169,91,2
87,91,2
170,91,2
4,91,2
0,91,2
93,91,2
15,91,2
72,91,2
87,169,2
170,169,2
169,4,2
169,0,2
169,93,2
15,169,2
169,72,2
87,170,2
87,4,2
87,0,2
87,93,2
87,15,2
87,72,2
170,4,2
170,0,2
170,93,2
170,15,2
170,72,2
15,0,2
0,72,2
15,93,2
72,93,2
159,0,35
160,0,35
161,0,35
162,0,35
163,0,35
164,0,35
165,0,35
166,0,35
167,0,35
0,168,35
42,39,1
21,39,1
147,39,1
27,39,1
8,39,1
39,95,1
39,7,1
107,39,1
39,109,1
39,56,1
39,6,1
42,21,1
42,147,1
42,8,1
42,95,1
107,42,1
42,109,1
42,56,1
42,6,1
21,27,4
107,21,4
21,109,4
21,56,1
21,6,4
147,27,4
107,147,4
147,109,4
147,56,1
147,6,4
27,8,4
27,95,1
107,27,4
27,109,4
107,8,4
8,109,4
8,56,1
8,6,4
107,95,1
95,109,1
95,56,1
95,6,1
107,7,4
109,7,4
107,109,4
107,56,1
109,56,1
109,6,4
159,7,32
159,1,32
160,7,32
160,1,32
161,7,32
161,1,32
162,7,32
162,1,32
163,7,32
163,1,32
164,7,32
164,1,32
165,7,32
165,1,32
166,7,32
166,1,32
167,7,32
167,1,32
168,7,32
168,1,32
87,10,1
87,82,1
87,53,1
10,91,1
170,10,1
15,10,1
169,10,1
82,10,1
10,72,1
10,53,1
82,91,1
53,91,1
170,82,1
170,53,1
15,82,1
15,53,1
169,82,1
169,53,1
82,4,1
82,0,1
82,101,1
82,72,1
82,53,2
82,93,1
4,53,1
0,53,1
101,53,1
72,53,1
53,93,1
107,9,3
107,63,3
107,29,3
107,148,3
107,41,3
107,17,3
21,9,3
21,63,3
21,29,3
21,148,3
21,41,3
21,17,3
147,9,3
147,63,3
147,29,3
147,148,3
147,41,3
147,17,3
27,9,3
27,63,3
27,29,3
27,148,3
27,41,3
27,17,3
8,9,3
8,63,3
8,29,3
8,148,3
8,41,3
8,17,3
9,109,3
9,63,3
9,7,3
9,6,3
109,63,3
109,29,3
109,148,3
109,41,3
109,17,3
63,29,3
63,7,3
63,148,3
63,41,3
63,6,3
63,17,3
29,7,3
29,6,3
7,148,3
7,41,3
7,17,3
148,6,3
41,6,3
6,17,3
103,69,3
171,69,2
136,69,2
88,69,3
36,69,2
58,69,3
172,69,2
173,69,3
51,69,2
23,69,3
127,69,3
124,69,2
69,125,2
69,174,3
103,171,2
103,136,2
103,88,3
103,36,2
103,58,3
103,172,2
103,173,3
103,51,2
103,23,3
103,127,3
103,124,2
103,125,2
103,174,3
171,136,2
171,88,2
171,36,2
171,58,2
171,172,2
171,173,2
171,51,2
171,23,2
171,127,2
171,124,2
171,125,2
171,174,2
136,88,2
136,36,2
136,58,2
136,172,2
136,173,2
136,51,2
136,23,2
136,127,2
136,124,2
136,125,2
136,174,2
88,36,2
88,58,3
88,172,2
88,173,3
88,51,2
88,23,3
88,127,3
88,124,2
88,125,2
88,174,3
36,58,2
36,172,2
36,173,2
36,51,2
36,23,2
36,127,2
36,124,2
36,125,2
36,174,2
58,172,2
58,173,3
58,51,2
58,23,3
58,127,3
58,124,2
58,125,2
58,174,3
172,173,2
172,51,2
172,23,2
172,127,2
172,124,2
172,125,2
172,174,2
173,51,2
173,23,3
173,127,3
173,124,2
173,125,2
173,174,3
51,23,2
51,127,2
51,124,2
51,125,2
51,174,2
23,127,3
23,124,2
23,125,2
23,174,3
127,124,2
127,125,2
127,174,3
124,174,2
125,174,2
45,75,2
45,110,2
45,70,2
45,81,2
175,45,2
45,126,2
45,97,2
45,129,2
45,113,2
128,110,2
128,70,2
128,81,2
175,128,2
126,128,2
128,97,2
128,129,2
128,113,2
123,110,2
70,123,2
81,123,2
175,123,2
126,123,2
123,86,2
123,97,2
123,129,2
123,113,2
75,114,2
110,114,2
70,114,2
81,114,2
175,114,2
126,114,2
114,86,2
114,97,2
114,129,2
114,113,2
75,65,2
110,65,2
70,65,2
81,65,2
175,65,2
126,65,2
65,97,2
65,129,2
65,113,2
110,75,2
70,75,2
81,75,2
175,75,2
126,75,2
75,86,2
75,97,2
75,129,2
75,113,2
70,110,2
81,110,2
175,110,2
126,110,2
110,86,2
110,97,2
110,129,2
110,113,2
70,81,2
175,70,2
126,70,2
70,86,2
70,97,2
70,129,2
70,113,2
175,81,2
126,81,2
81,86,2
81,97,2
81,129,2
81,113,2
175,126,2
175,86,2
175,97,2
175,129,2
175,113,2
126,86,2
126,97,2
126,129,2
126,113,2
97,86,2
129,86,2
113,86,2
97,129,2
97,113,2
129,113,2
82,85,1
82,69,1
103,82,1
88,82,1
58,82,1
173,82,1
82,54,1
82,48,1
82,61,1
82,23,1
82,112,1
82,127,1
82,79,1
82,59,1
82,122,1
82,174,1
82,67,1
85,69,2
103,85,2
88,85,2
58,85,2
173,85,2
54,85,2
48,85,2
61,85,2
23,85,2
85,112,1
85,127,2
85,79,2
85,59,2
85,122,2
85,53,1
85,174,2
54,69,2
61,69,2
112,69,1
79,69,2
59,69,2
122,69,2
69,53,1
69,67,2
103,54,2
103,48,2
103,61,2
103,112,1
103,79,2
103,59,2
103,122,2
103,53,1
103,67,2
88,54,2
88,48,2
88,61,2
88,112,1
88,79,2
88,59,2
88,122,2
88,53,1
88,67,2
58,54,2
58,48,2
58,61,2
58,112,1
58,59,2
58,53,1
58,67,2
173,54,2
173,48,2
173,61,2
173,112,1
173,79,2
173,59,2
173,122,2
173,53,1
173,67,2
54,48,2
54,61,2
54,23,2
54,112,1
54,127,2
54,79,2
54,59,2
54,122,2
54,174,2
54,67,2
48,61,2
48,23,2
48,112,1
48,127,2
48,79,2
48,59,2
48,122,2
48,53,1
48,174,2
48,67,2
61,23,2
61,112,1
61,127,2
61,79,2
61,59,2
61,122,2
61,53,1
61,174,2
61,67,2
23,112,1
23,79,2
23,59,2
23,122,2
23,53,1
23,67,2
112,127,1
112,79,1
112,59,1
112,122,1
112,53,1
112,174,1
112,67,1
127,79,2
127,53,1
127,67,2
79,59,2
79,53,1
79,174,2
79,67,2
59,53,1
59,174,2
59,67,2
122,53,1
122,174,2
122,67,2
53,174,1
53,67,1
174,67,2
177,176,3
178,176,3
141,176,3
142,176,3
179,176,3
143,176,3
180,176,3
181,176,2
182,176,3
183,176,3
176,184,2
176,185,3
176,186,2
176,187,3
176,188,3
176,189,3
176,146,3
176,190,2
176,144,2
178,177,3
177,141,3
177,142,3
177,179,3
177,143,3
177,180,3
177,181,2
177,182,3
177,183,3
177,184,2
177,185,3
177,186,2
177,187,3
177,188,3
177,189,3
177,146,3
177,190,2
177,144,2
178,141,3
178,142,3
178,179,3
178,143,3
178,180,3
178,181,2
178,182,3
178,183,3
178,184,2
178,185,3
178,186,2
178,187,3
178,188,3
178,189,3
178,146,3
178,190,2
178,144,2
141,179,3
141,180,3
141,181,2
141,182,3
141,183,3
141,184,2
141,185,3
141,186,2
141,187,3
141,188,3
141,189,3
141,190,2
142,179,3
142,180,3
142,181,2
142,182,3
142,183,3
142,184,2
142,185,3
142,186,2
142,187,3
142,188,3
142,189,3
142,190,2
179,143,3
179,180,3
179,181,2
179,182,3
179,183,3
179,184,2
179,185,3
179,186,2
179,187,3
179,188,3
179,189,3
179,146,3
179,190,2
179,144,2
143,180,3
143,181,2
143,182,3
143,183,3
143,184,2
143,185,3
143,186,2
143,187,3
143,188,3
143,189,3
143,190,2
180,181,2
180,182,3
180,183,3
180,184,2
180,185,3
180,186,2
180,187,3
180,188,3
180,189,3
180,146,3
180,190,2
180,144,2
181,182,2
181,183,2
181,184,1
181,185,2
181,186,2
181,187,2
181,188,2
181,189,2
181,146,2
181,190,1
181,144,1
182,183,3
182,184,2
182,185,3
182,186,2
182,187,3
182,188,3
182,189,3
182,146,3
182,190,2
182,144,2
183,184,2
183,185,3
183,186,2
183,187,3
183,188,3
183,189,3
183,146,3
183,190,2
183,144,2
184,185,2
184,186,1
184,187,2
184,188,2
184,189,2
184,146,2
184,190,2
184,144,2
185,186,2
185,187,3
185,188,3
185,189,3
185,146,3
190,185,2
144,185,2
186,187,2
186,188,2
186,189,2
186,146,2
190,186,1
144,186,1
187,188,3
187,189,3
187,146,3
190,187,2
144,187,2
188,189,3
188,146,3
190,188,2
144,188,2
189,146,3
190,189,2
144,189,2
190,146,2
190,144,2
191,192,2
191,193,2
191,194,2
191,43,1
191,195,2
196,191,2
191,197,2
191,198,2
191,199,2
191,200,2
191,201,2
191,202,2
191,203,2
191,204,2
191,205,2
191,206,2
191,207,2
191,208,2
191,209,2
191,210,2
191,211,2
191,212,2
191,213,2
192,193,2
192,194,2
192,43,1
192,195,2
196,192,2
192,197,2
192,198,2
192,199,2
192,200,2
192,201,2
192,202,2
192,203,2
192,204,2
192,205,2
192,206,2
192,207,2
192,208,2
192,209,2
192,210,2
192,211,2
192,212,2
192,213,2
193,194,2
193,43,1
193,195,2
196,193,2
193,197,2
198,193,2
193,199,2
193,200,2
193,201,2
193,202,2
193,203,2
193,204,2
193,205,2
193,206,2
193,207,2
193,208,2
193,209,2
193,210,2
193,211,2
193,212,2
193,213,2
194,43,1
194,195,2
196,194,2
194,197,2
198,194,2
194,199,2
194,200,2
194,201,2
194,202,2
194,203,2
194,204,2
194,205,2
194,206,2
194,207,2
194,208,2
194,209,2
194,210,2
194,211,2
194,212,2
194,213,2
43,195,1
196,43,1
43,197,1
198,43,1
199,43,1
43,200,1
43,201,1
43,202,1
43,203,1
43,204,1
43,205,1
43,206,1
43,207,1
43,208,1
43,209,1
43,210,1
43,211,1
43,212,1
43,213,1
196,195,2
195,197,2
198,195,2
199,195,2
200,195,2
195,201,2
195,202,2
195,203,2
195,204,2
195,205,2
195,206,2
195,207,2
195,208,2
195,209,2
195,210,2
195,211,2
195,212,2
195,213,2
196,197,2
196,198,2
196,199,2
196,200,2
196,201,2
196,202,2
196,203,2
196,204,2
196,205,2
196,206,2
196,207,2
196,208,2
196,209,2
196,210,2
196,211,2
196,212,2
196,213,2
198,197,2
199,197,2
200,197,2
201,197,2
197,202,2
197,203,2
197,204,2
197,205,2
197,206,2
197,207,2
197,208,2
197,209,2
197,210,2
197,211,2
197,212,2
197,213,2
198,199,2
198,200,2
198,201,2
198,202,2
198,203,2
198,204,2
198,205,2
198,206,2
198,207,2
198,208,2
198,209,2
198,210,2
198,211,2
198,212,2
198,213,2
199,200,2
199,201,2
199,202,2
199,203,2
199,204,2
199,205,2
199,206,2
199,207,2
199,208,2
199,209,2
199,210,2
199,211,2
199,212,2
199,213,2
200,201,2
200,202,2
200,203,2
200,204,2
200,205,2
200,206,2
200,207,2
200,208,2
200,209,2
200,210,2
200,211,2
200,212,2
200,213,2
201,202,2
201,203,2
201,204,2
201,205,2
201,206,2
201,207,2
201,208,2
201,209,2
201,210,2
201,211,2
201,212,2
201,213,2
202,203,2
202,204,2
202,205,2
202,206,2
202,207,2
208,202,2
209,202,2
202,210,2
211,202,2
202,212,2
202,213,2
204,203,2
203,205,2
203,206,2
203,207,2
208,203,2
209,203,2
203,210,2
211,203,2
203,212,2
203,213,2
204,205,2
204,206,2
204,207,2
208,204,2
209,204,2
204,210,2
211,204,2
204,212,2
204,213,2
205,206,2
205,207,2
208,205,2
209,205,2
205,210,2
211,205,2
205,212,2
205,213,2
206,207,2
208,206,2
209,206,2
210,206,2
211,206,2
212,206,2
213,206,2
208,207,2
209,207,2
210,207,2
211,207,2
212,207,2
213,207,2
208,209,2
208,210,2
208,211,2
208,212,2
208,213,2
209,210,2
211,209,2
209,212,2
209,213,2
211,210,2
212,210,2
213,210,2
211,212,2
211,213,2
212,213,2
171,85,1
136,85,1
36,85,1
172,85,1
51,85,1
49,85,1
85,64,1
85,124,1
85,125,1
49,69,1
64,69,1
103,49,1
103,64,1
171,54,1
171,48,1
171,61,1
171,49,1
171,64,1
171,79,1
171,59,1
171,122,1
171,67,1
136,54,1
136,48,1
136,61,1
136,64,1
136,79,1
136,59,1
136,122,1
136,67,1
88,49,1
88,64,1
36,54,1
36,48,1
36,61,1
36,49,1
36,64,1
36,79,1
36,59,1
36,122,1
36,67,1
58,49,1
58,64,1
172,54,1
172,48,1
172,61,1
172,49,1
172,64,1
172,79,1
172,59,1
172,122,1
172,67,1
173,49,1
173,64,1
51,54,1
51,48,1
51,61,1
51,49,1
51,64,1
51,79,1
51,59,1
51,122,1
51,67,1
54,49,1
54,64,1
48,49,1
48,64,1
48,124,1
48,125,1
61,49,1
61,64,1
61,124,1
61,125,1
49,23,1
49,127,1
49,64,1
49,79,1
49,59,1
49,122,1
49,124,1
49,125,1
49,174,1
49,67,1
23,64,1
127,64,1
64,79,1
64,59,1
64,122,1
64,124,1
64,125,1
64,174,1
64,67,1
79,124,1
79,125,1
59,124,1
59,125,1
122,124,1
122,125,1
124,67,1
125,67,1
191,33,1
191,106,1
191,31,1
40,191,1
191,105,1
32,191,1
37,191,1
35,191,1
24,191,1
192,33,1
192,106,1
192,31,1
40,192,1
192,105,1
32,192,1
37,192,1
35,192,1
24,192,1
193,33,1
193,106,1
193,31,1
40,193,1
193,105,1
32,193,1
37,193,1
35,193,1
24,193,1
194,33,1
194,106,1
194,31,1
40,194,1
194,105,1
32,194,1
37,194,1
35,194,1
24,194,1
195,33,1
195,106,1
195,31,1
40,195,1
195,105,1
32,195,1
37,195,1
35,195,1
24,195,1
196,33,1
196,106,1
196,31,1
40,196,1
196,105,1
32,196,1
37,196,1
35,196,1
24,196,1
197,33,1
197,106,1
197,31,1
40,197,1
197,105,1
32,197,1
37,197,1
35,197,1
24,197,1
198,33,1
198,106,1
198,31,1
40,198,1
198,105,1
32,198,1
37,198,1
35,198,1
24,198,1
199,33,1
199,106,1
199,31,1
40,199,1
199,105,1
32,199,1
37,199,1
35,199,1
24,199,1
200,33,1
200,106,1
200,31,1
40,200,1
200,105,1
32,200,1
37,200,1
35,200,1
24,200,1
201,33,1
201,106,1
201,31,1
40,201,1
201,105,1
32,201,1
37,201,1
35,201,1
24,201,1
202,33,1
203,33,1
204,33,1
205,33,1
206,33,1
207,33,1
208,33,1
209,33,1
210,33,1
211,33,1
212,33,1
213,33,1
202,106,1
202,31,1
40,202,1
202,105,1
32,202,1
37,202,1
35,202,1
24,202,1
203,106,1
203,31,1
40,203,1
203,105,1
32,203,1
37,203,1
35,203,1
24,203,1
204,106,1
204,31,1
40,204,1
204,105,1
32,204,1
37,204,1
35,204,1
24,204,1
205,106,1
205,31,1
40,205,1
205,105,1
32,205,1
37,205,1
35,205,1
24,205,1
206,106,1
206,31,1
40,206,1
206,105,1
32,206,1
37,206,1
35,206,1
24,206,1
207,106,1
207,31,1
40,207,1
207,105,1
32,207,1
37,207,1
35,207,1
24,207,1
208,106,1
208,31,1
40,208,1
208,105,1
32,208,1
37,208,1
35,208,1
24,208,1
209,106,1
209,31,1
40,209,1
209,105,1
32,209,1
37,209,1
35,209,1
24,209,1
210,106,1
210,31,1
40,210,1
210,105,1
32,210,1
37,210,1
35,210,1
24,210,1
211,106,1
211,31,1
40,211,1
211,105,1
32,211,1
37,211,1
35,211,1
24,211,1
212,106,1
212,31,1
40,212,1
212,105,1
32,212,1
37,212,1
35,212,1
24,212,1
213,106,1
213,31,1
40,213,1
213,105,1
32,213,1
37,213,1
35,213,1
24,213,1
37,106,1
35,37,1
24,37,1
214,142,1
215,142,1
216,142,2
217,142,2
218,142,1
219,142,1
220,142,2
221,142,2
222,142,2
223,142,2
224,142,1
225,142,2
226,142,2
227,142,2
228,142,2
229,142,2
142,230,1
142,231,2
142,232,2
142,233,1
142,234,2
142,235,2
142,236,1
142,237,2
142,238,2
142,239,2
142,240,2
142,241,2
142,242,2
142,243,1
142,244,1
142,245,2
142,246,1
142,247,2
142,248,1
142,249,1
142,250,2
142,251,2
142,252,1
142,253,1
142,254,2
142,255,2
142,256,1
142,257,1
142,258,2
214,176,1
214,177,1
178,214,1
214,215,1
214,216,1
214,217,1
214,218,1
214,219,1
214,220,1
214,221,1
214,222,1
214,223,1
214,224,1
214,225,1
214,226,1
214,141,1
214,227,1
214,228,1
214,229,1
214,230,1
214,179,1
214,143,1
214,180,1
214,182,1
214,183,1
214,231,1
214,232,1
214,233,1
214,234,1
214,184,1
214,190,1
214,144,1
214,185,1
214,145,1
214,235,1
214,236,1
214,237,1
214,238,1
214,239,1
214,240,1
214,241,1
214,242,1
214,243,1
214,244,1
214,245,1
214,246,1
214,187,1
214,188,1
214,247,1
214,248,1
214,249,1
214,250,1
214,251,1
214,189,1
214,252,1
214,253,1
214,254,1
214,255,1
214,256,1
214,146,1
214,257,1
214,258,1
215,176,1
216,176,2
217,176,2
218,176,1
219,176,1
220,176,2
221,176,2
222,176,2
223,176,2
224,176,1
225,176,2
226,176,2
227,176,2
228,176,2
229,176,2
230,176,1
231,176,2
232,176,2
233,176,1
176,234,2
176,145,2
176,235,2
176,236,1
176,237,2
176,238,2
176,239,2
176,240,2
176,241,2
176,242,2
176,243,1
176,244,1
176,245,2
176,246,1
176,247,2
176,248,1
176,249,1
176,250,2
176,251,2
176,252,1
176,253,1
176,254,2
176,255,2
176,256,1
176,257,1
176,258,2
215,177,1
216,177,2
217,177,2
218,177,1
219,177,1
220,177,2
221,177,2
222,177,2
223,177,2
224,177,1
225,177,2
226,177,2
177,227,2
177,228,2
177,229,2
177,230,1
177,231,2
177,232,2
177,233,1
177,234,2
177,145,2
177,235,2
177,236,1
177,237,2
177,238,2
177,239,2
177,240,2
177,241,2
177,242,2
177,243,1
177,244,1
177,245,2
177,246,1
177,247,2
177,248,1
177,249,1
177,250,2
177,251,2
177,252,1
177,253,1
177,254,2
177,255,2
177,256,1
177,257,1
177,258,2
178,215,1
178,216,2
178,217,2
178,218,1
178,219,1
178,220,2
178,221,2
178,222,2
178,223,2
178,224,1
178,225,2
178,226,2
178,227,2
178,228,2
178,229,2
178,230,1
178,231,2
178,232,2
178,233,1
178,234,2
178,145,2
178,235,2
178,236,1
178,237,2
178,238,2
178,239,2
178,240,2
178,241,2
178,242,2
178,243,1
178,244,1
178,245,2
178,246,1
178,247,2
178,248,1
178,249,1
178,250,2
178,251,2
178,252,1
178,253,1
178,254,2
178,255,2
178,256,1
178,257,1
178,258,2
215,216,1
215,217,1
215,218,1
215,219,1
215,220,1
215,221,1
215,222,1
215,223,1
215,224,1
215,225,1
215,226,1
215,141,1
215,227,1
215,228,1
215,229,1
215,230,1
215,179,1
215,143,1
215,180,1
215,182,1
215,183,1
215,231,1
215,232,1
215,233,1
215,234,1
215,184,1
215,190,1
215,144,1
215,185,1
215,145,1
215,235,1
215,236,1
215,237,1
215,238,1
215,239,1
215,240,1
215,241,1
215,242,1
215,243,1
215,244,1
215,245,1
215,246,1
215,187,1
215,188,1
215,247,1
215,248,1
215,249,1
215,250,1
215,251,1
215,189,1
215,252,1
215,253,1
215,254,1
215,255,1
215,256,1
215,146,1
215,257,1
215,258,1
216,217,2
216,218,1
216,219,1
216,220,2
216,221,2
216,222,2
216,223,2
216,224,1
216,225,2
216,226,2
216,141,2
216,227,2
216,228,2
216,229,2
216,230,1
216,179,2
216,143,2
216,180,2
216,182,2
216,183,2
216,231,2
216,232,2
216,233,1
216,234,2
216,184,1
216,190,1
216,144,1
216,185,2
216,145,2
216,235,2
216,236,1
216,237,2
216,238,2
216,239,2
216,240,2
216,241,2
216,242,2
216,243,1
216,244,1
216,245,2
216,246,1
216,187,2
216,188,2
216,247,2
216,248,1
216,249,1
216,250,2
216,251,2
216,189,2
216,252,1
216,253,1
216,254,2
216,255,2
216,256,1
216,146,2
216,257,1
216,258,2
217,218,1
217,219,1
217,220,2
217,221,2
217,222,2
217,223,2
217,224,1
217,225,2
217,226,2
217,141,2
217,227,2
217,228,2
217,229,2
217,230,1
217,179,2
217,143,2
217,180,2
217,182,2
217,183,2
217,231,2
217,232,2
217,233,1
217,234,2
217,184,1
217,190,1
217,144,1
217,185,2
217,145,2
217,235,2
217,236,1
217,237,2
217,238,2
217,239,2
217,240,2
217,241,2
217,242,2
217,243,1
217,244,1
217,245,2
217,246,1
217,187,2
217,188,2
217,247,2
217,248,1
217,249,1
217,250,2
217,251,2
217,189,2
217,252,1
217,253,1
217,254,2
217,255,2
217,256,1
217,146,2
217,257,1
217,258,2
218,219,1
218,220,1
218,221,1
218,222,1
218,223,1
218,224,1
218,225,1
218,226,1
218,141,1
218,227,1
218,228,1
218,229,1
218,230,1
218,179,1
218,143,1
218,180,1
218,182,1
218,183,1
218,231,1
218,232,1
218,233,1
218,234,1
218,184,1
218,190,1
218,144,1
218,185,1
218,145,1
218,235,1
218,236,1
218,237,1
218,238,1
218,239,1
218,240,1
218,241,1
218,242,1
218,243,1
218,244,1
218,245,1
218,246,1
218,187,1
218,188,1
218,247,1
218,248,1
218,249,1
218,250,1
218,251,1
218,189,1
218,252,1
218,253,1
218,254,1
218,255,1
218,256,1
218,146,1
218,257,1
218,258,1
219,220,1
219,221,1
219,222,1
219,223,1
219,224,1
219,225,1
219,226,1
219,141,1
219,227,1
219,228,1
219,229,1
219,230,1
219,179,1
219,143,1
219,180,1
219,182,1
219,183,1
219,231,1
219,232,1
219,233,1
219,234,1
219,184,1
219,190,1
219,144,1
219,185,1
219,145,1
219,235,1
219,236,1
219,237,1
219,238,1
219,239,1
219,240,1
219,241,1
219,242,1
219,243,1
219,244,1
219,245,1
219,246,1
219,187,1
219,188,1
219,247,1
219,248,1
219,249,1
219,250,1
219,251,1
219,189,1
219,252,1
219,253,1
219,254,1
219,255,1
219,256,1
219,146,1
219,257,1
219,258,1
220,221,2
220,222,2
220,223,2
220,224,1
220,225,2
220,226,2
220,141,2
220,227,2
220,228,2
220,229,2
220,230,1
220,179,2
220,143,2
220,180,2
220,182,2
220,183,2
220,231,2
220,232,2
220,233,1
220,234,2
220,184,1
220,190,1
220,144,1
220,185,2
220,145,2
220,235,2
220,236,1
220,237,2
220,238,2
220,239,2
220,240,2
220,241,2
220,242,2
220,243,1
220,244,1
220,245,2
220,246,1
220,187,2
220,188,2
220,247,2
220,248,1
220,249,1
220,250,2
220,251,2
220,189,2
220,252,1
220,253,1
220,254,2
220,255,2
220,256,1
220,146,2
220,257,1
220,258,2
221,222,2
221,223,2
221,224,1
221,225,2
221,226,2
221,141,2
221,227,2
221,228,2
221,229,2
221,230,1
221,179,2
221,143,2
221,180,2
221,182,2
221,183,2
221,231,2
221,232,2
221,233,1
221,234,2
221,184,1
221,190,1
221,144,1
221,185,2
221,145,2
221,235,2
221,236,1
221,237,2
221,238,2
221,239,2
221,240,2
221,241,2
221,242,2
221,243,1
221,244,1
221,245,2
221,246,1
221,187,2
221,188,2
221,247,2
221,248,1
221,249,1
221,250,2
221,251,2
221,189,2
221,252,1
221,253,1
221,254,2
221,255,2
221,256,1
221,146,2
221,257,1
221,258,2
222,223,2
222,224,1
222,225,2
222,226,2
222,141,2
222,227,2
222,228,2
222,229,2
222,230,1
222,179,2
222,143,2
222,180,2
222,182,2
222,183,2
222,231,2
222,232,2
222,233,1
222,234,2
222,184,1
222,190,1
222,144,1
222,185,2
222,145,2
222,235,2
222,236,1
222,237,2
222,238,2
222,239,2
222,240,2
222,241,2
222,242,2
222,243,1
222,244,1
222,245,2
222,246,1
222,187,2
222,188,2
222,247,2
222,248,1
222,249,1
222,250,2
222,251,2
222,189,2
222,252,1
222,253,1
222,254,2
222,255,2
222,256,1
222,146,2
222,257,1
222,258,2
223,224,1
223,225,2
223,226,2
223,141,2
223,227,2
223,228,2
223,229,2
223,230,1
223,179,2
223,143,2
223,180,2
223,182,2
223,183,2
223,231,2
223,232,2
223,233,1
223,234,2
223,184,1
223,190,1
223,144,1
223,185,2
223,145,2
223,235,2
223,236,1
223,237,2
223,238,2
223,239,2
223,240,2
223,241,2
223,242,2
223,243,1
223,244,1
223,245,2
223,246,1
223,187,2
223,188,2
223,247,2
223,248,1
223,249,1
223,250,2
223,251,2
223,189,2
223,252,1
223,253,1
223,254,2
223,255,2
223,256,1
223,146,2
223,257,1
223,258,2
224,225,1
224,226,1
224,141,1
224,227,1
224,228,1
224,229,1
224,230,1
224,179,1
224,143,1
224,180,1
224,182,1
224,183,1
224,231,1
224,232,1
224,233,1
224,234,1
224,184,1
224,190,1
224,144,1
224,185,1
224,145,1
224,235,1
224,236,1
224,237,1
224,238,1
224,239,1
224,240,1
224,241,1
224,242,1
224,243,1
224,244,1
224,245,1
224,246,1
224,187,1
224,188,1
224,247,1
224,248,1
224,249,1
224,250,1
224,251,1
224,189,1
224,252,1
224,253,1
224,254,1
224,255,1
224,256,1
224,146,1
224,257,1
224,258,1
225,226,2
225,141,2
225,227,2
225,228,2
225,229,2
225,230,1
225,179,2
225,143,2
225,180,2
225,182,2
225,183,2
225,231,2
225,232,2
225,233,1
225,234,2
225,184,1
225,190,1
225,144,1
225,185,2
225,145,2
225,235,2
225,236,1
225,237,2
225,238,2
225,239,2
225,240,2
225,241,2
225,242,2
225,243,1
225,244,1
225,245,2
225,246,1
225,187,2
225,188,2
225,247,2
225,248,1
225,249,1
225,250,2
225,251,2
225,189,2
225,252,1
225,253,1
225,254,2
225,255,2
225,256,1
225,146,2
225,257,1
225,258,2
226,141,2
226,227,2
226,228,2
226,229,2
226,230,1
226,179,2
226,143,2
226,180,2
226,182,2
226,183,2
226,231,2
226,232,2
226,233,1
226,234,2
226,184,1
226,190,1
226,144,1
226,185,2
226,145,2
226,235,2
226,236,1
226,237,2
226,238,2
226,239,2
226,240,2
226,241,2
226,242,2
226,243,1
226,244,1
226,245,2
226,246,1
226,187,2
226,188,2
226,247,2
226,248,1
226,249,1
226,250,2
226,251,2
226,189,2
226,252,1
226,253,1
226,254,2
226,255,2
226,256,1
226,146,2
226,257,1
226,258,2
141,227,2
141,228,2
141,229,2
141,230,1
141,231,2
141,232,2
141,233,1
141,234,2
141,235,2
141,236,1
141,237,2
141,238,2
141,239,2
141,240,2
141,241,2
141,242,2
141,243,1
141,244,1
141,245,2
141,246,1
141,247,2
141,248,1
141,249,1
141,250,2
141,251,2
141,252,1
141,253,1
141,254,2
141,255,2
141,256,1
141,257,1
141,258,2
227,228,2
227,229,2
227,230,1
227,179,2
227,143,2
227,180,2
227,182,2
227,183,2
227,231,2
227,232,2
227,233,1
227,234,2
227,184,1
227,190,1
227,144,1
227,185,2
227,145,2
227,235,2
227,236,1
227,237,2
227,238,2
227,239,2
227,240,2
227,241,2
227,242,2
227,243,1
227,244,1
227,245,2
227,246,1
227,187,2
227,188,2
227,247,2
227,248,1
227,249,1
227,250,2
227,251,2
227,189,2
227,252,1
227,253,1
227,254,2
227,255,2
227,256,1
227,146,2
227,257,1
227,258,2
228,229,2
228,230,1
228,179,2
228,143,2
228,180,2
228,182,2
228,183,2
228,231,2
228,232,2
228,233,1
228,234,2
228,184,1
228,190,1
228,144,1
228,185,2
228,145,2
228,235,2
228,236,1
228,237,2
228,238,2
228,239,2
228,240,2
228,241,2
228,242,2
228,243,1
228,244,1
228,245,2
228,246,1
228,187,2
228,188,2
228,247,2
228,248,1
228,249,1
228,250,2
228,251,2
228,189,2
228,252,1
228,253,1
228,254,2
228,255,2
228,256,1
228,146,2
228,257,1
228,258,2
229,230,1
229,179,2
229,143,2
229,180,2
229,182,2
229,183,2
229,231,2
229,232,2
229,233,1
229,234,2
229,184,1
229,190,1
229,144,1
229,185,2
229,145,2
229,235,2
229,236,1
229,237,2
229,238,2
229,239,2
229,240,2
229,241,2
229,242,2
229,243,1
229,244,1
229,245,2
229,246,1
229,187,2
229,188,2
229,247,2
229,248,1
229,249,1
229,250,2
229,251,2
229,189,2
229,252,1
229,253,1
229,254,2
229,255,2
229,256,1
229,146,2
229,257,1
229,258,2
230,179,1
230,143,1
230,180,1
230,182,1
230,183,1
230,231,1
230,232,1
230,233,1
230,234,1
230,184,1
230,190,1
230,144,1
230,185,1
230,145,1
230,235,1
230,236,1
230,237,1
230,238,1
230,239,1
230,240,1
230,241,1
230,242,1
230,243,1
230,244,1
230,245,1
230,246,1
230,187,1
230,188,1
230,247,1
230,248,1
230,249,1
230,250,1
230,251,1
230,189,1
230,252,1
230,253,1
230,254,1
230,255,1
230,256,1
230,146,1
230,257,1
230,258,1
179,231,2
179,232,2
179,233,1
179,234,2
179,145,2
179,235,2
179,236,1
179,237,2
179,238,2
179,239,2
179,240,2
179,241,2
179,242,2
179,243,1
179,244,1
179,245,2
179,246,1
179,247,2
179,248,1
179,249,1
179,250,2
179,251,2
179,252,1
179,253,1
179,254,2
179,255,2
179,256,1
179,257,1
179,258,2
143,231,2
143,232,2
143,233,1
143,234,2
143,235,2
143,236,1
143,237,2
143,238,2
143,239,2
143,240,2
143,241,2
143,242,2
143,243,1
143,244,1
143,245,2
143,246,1
143,247,2
143,248,1
143,249,1
143,250,2
143,251,2
143,252,1
143,253,1
143,254,2
143,255,2
143,256,1
143,257,1
143,258,2
180,231,2
180,232,2
180,233,1
180,234,2
180,145,2
180,235,2
180,236,1
180,237,2
180,238,2
180,239,2
180,240,2
180,241,2
180,242,2
180,243,1
180,244,1
180,245,2
180,246,1
180,247,2
180,248,1
180,249,1
180,250,2
180,251,2
180,252,1
180,253,1
180,254,2
180,255,2
180,256,1
180,257,1
180,258,2
182,231,2
182,232,2
182,233,1
182,234,2
182,145,2
182,235,2
182,236,1
182,237,2
182,238,2
182,239,2
182,240,2
182,241,2
182,242,2
182,243,1
182,244,1
182,245,2
182,246,1
182,247,2
182,248,1
182,249,1
182,250,2
182,251,2
182,252,1
182,253,1
182,254,2
182,255,2
182,256,1
182,257,1
182,258,2
183,231,2
183,232,2
183,233,1
183,234,2
183,145,2
183,235,2
183,236,1
183,237,2
183,238,2
183,239,2
183,240,2
183,241,2
183,242,2
183,243,1
183,244,1
183,245,2
183,246,1
183,247,2
183,248,1
183,249,1
183,250,2
183,251,2
183,252,1
183,253,1
183,254,2
183,255,2
183,256,1
183,257,1
183,258,2
231,232,2
231,233,1
231,234,2
231,184,1
231,190,1
231,144,1
231,185,2
231,145,2
231,235,2
231,236,1
231,237,2
231,238,2
231,239,2
231,240,2
231,241,2
231,242,2
231,243,1
231,244,1
231,245,2
231,246,1
231,187,2
231,188,2
231,247,2
231,248,1
231,249,1
231,250,2
231,251,2
231,189,2
231,252,1
231,253,1
231,254,2
231,255,2
231,256,1
231,146,2
231,257,1
231,258,2
232,233,1
232,234,2
232,184,1
232,190,1
232,144,1
232,185,2
232,145,2
232,235,2
232,236,1
232,237,2
232,238,2
232,239,2
232,240,2
232,241,2
232,242,2
232,243,1
232,244,1
232,245,2
232,246,1
232,187,2
232,188,2
232,247,2
232,248,1
232,249,1
232,250,2
232,251,2
232,189,2
232,252,1
232,253,1
232,254,2
232,255,2
232,256,1
232,146,2
232,257,1
232,258,2
233,234,1
233,184,1
233,190,1
233,144,1
233,185,1
233,145,1
233,235,1
233,236,1
233,237,1
233,238,1
233,239,1
233,240,1
233,241,1
233,242,1
233,243,1
233,244,1
233,245,1
233,246,1
233,187,1
233,188,1
233,247,1
233,248,1
233,249,1
233,250,1
233,251,1
233,189,1
233,252,1
233,253,1
233,254,1
233,255,1
233,256,1
233,146,1
233,257,1
233,258,1
234,184,1
234,190,1
234,144,1
234,185,2
234,145,2
234,235,2
234,236,1
234,237,2
234,238,2
234,239,2
234,240,2
234,241,2
234,242,2
234,243,1
234,244,1
234,245,2
234,246,1
234,187,2
234,188,2
234,247,2
234,248,1
234,249,1
234,250,2
234,251,2
234,189,2
234,252,1
234,253,1
234,254,2
234,255,2
234,256,1
234,146,2
234,257,1
234,258,2
184,145,1
184,235,1
184,236,1
184,237,1
184,238,1
184,239,1
184,240,1
184,241,1
184,242,1
184,243,1
184,244,1
184,245,1
184,246,1
184,247,1
184,248,1
184,249,1
184,250,1
184,251,1
184,252,1
184,253,1
184,254,1
184,255,1
184,256,1
184,257,1
184,258,1
190,145,1
190,235,1
190,236,1
190,237,1
190,238,1
190,239,1
190,240,1
190,241,1
190,242,1
190,243,1
190,244,1
190,245,1
190,246,1
190,247,1
190,248,1
190,249,1
190,250,1
190,251,1
190,252,1
190,253,1
190,254,1
190,255,1
190,256,1
190,257,1
190,258,1
144,235,1
144,236,1
144,237,1
144,238,1
144,239,1
144,240,1
144,241,1
144,242,1
144,243,1
144,244,1
144,245,1
144,246,1
144,247,1
144,248,1
144,249,1
144,250,1
144,251,1
144,252,1
144,253,1
144,254,1
144,255,1
144,256,1
144,257,1
144,258,1
185,145,2
185,235,2
185,236,1
185,237,2
185,238,2
185,239,2
185,240,2
185,241,2
185,242,2
185,243,1
185,244,1
185,245,2
185,246,1
185,247,2
185,248,1
185,249,1
185,250,2
185,251,2
185,252,1
185,253,1
185,254,2
185,255,2
185,256,1
185,257,1
185,258,2
145,235,2
145,236,1
145,237,2
145,238,2
145,239,2
145,240,2
145,241,2
145,242,2
145,243,1
145,244,1
145,245,2
145,246,1
145,187,2
145,188,2
145,247,2
145,248,1
145,249,1
145,250,2
145,251,2
145,189,2
145,252,1
145,253,1
145,254,2
145,255,2
145,256,1
145,257,1
145,258,2
235,236,1
235,237,2
235,238,2
235,239,2
235,240,2
235,241,2
235,242,2
235,243,1
235,244,1
235,245,2
235,246,1
235,187,2
235,188,2
235,247,2
235,248,1
235,249,1
235,250,2
235,251,2
235,189,2
235,252,1
235,253,1
235,254,2
235,255,2
235,256,1
235,146,2
235,257,1
235,258,2
236,237,1
236,238,1
236,239,1
236,240,1
236,241,1
236,242,1
236,243,1
236,244,1
236,245,1
236,246,1
236,187,1
236,188,1
236,247,1
236,248,1
236,249,1
236,250,1
236,251,1
236,189,1
236,252,1
236,253,1
236,254,1
236,255,1
236,256,1
236,146,1
236,257,1
236,258,1
237,238,2
237,239,2
237,240,2
237,241,2
237,242,2
237,243,1
237,244,1
237,245,2
237,246,1
237,187,2
237,188,2
237,247,2
237,248,1
237,249,1
237,250,2
237,251,2
237,189,2
237,252,1
237,253,1
237,254,2
237,255,2
237,256,1
237,146,2
237,257,1
237,258,2
238,239,2
238,240,2
238,241,2
238,242,2
238,243,1
238,244,1
238,245,2
238,246,1
238,187,2
238,188,2
238,247,2
238,248,1
238,249,1
238,250,2
238,251,2
238,189,2
238,252,1
238,253,1
238,254,2
238,255,2
238,256,1
238,146,2
238,257,1
238,258,2
239,240,2
239,241,2
239,242,2
239,243,1
239,244,1
239,245,2
239,246,1
239,187,2
239,188,2
239,247,2
239,248,1
239,249,1
239,250,2
239,251,2
239,189,2
239,252,1
239,253,1
239,254,2
239,255,2
239,256,1
239,146,2
239,257,1
239,258,2
240,241,2
240,242,2
240,243,1
240,244,1
240,245,2
240,246,1
240,187,2
240,188,2
240,247,2
240,248,1
240,249,1
240,250,2
240,251,2
240,189,2
240,252,1
240,253,1
240,254,2
240,255,2
240,256,1
240,146,2
240,257,1
240,258,2
241,242,2
241,243,1
241,244,1
241,245,2
241,246,1
241,187,2
241,188,2
241,247,2
241,248,1
241,249,1
241,250,2
241,251,2
241,189,2
241,252,1
241,253,1
241,254,2
241,255,2
241,256,1
241,146,2
241,257,1
241,258,2
242,243,1
242,244,1
242,245,2
242,246,1
242,187,2
242,188,2
242,247,2
242,248,1
242,249,1
242,250,2
242,251,2
242,189,2
242,252,1
242,253,1
242,254,2
242,255,2
242,256,1
242,146,2
242,257,1
242,258,2
243,244,1
243,245,1
243,246,1
243,187,1
243,188,1
243,247,1
243,248,1
243,249,1
243,250,1
243,251,1
243,189,1
243,252,1
243,253,1
243,254,1
243,255,1
243,256,1
243,146,1
243,257,1
243,258,1
244,245,1
244,246,1
244,187,1
244,188,1
244,247,1
244,248,1
244,249,1
244,250,1
244,251,1
244,189,1
244,252,1
244,253,1
244,254,1
244,255,1
244,256,1
244,146,1
244,257,1
244,258,1
245,246,1
245,187,2
245,188,2
245,247,2
245,248,1
245,249,1
245,250,2
245,251,2
245,189,2
245,252,1
245,253,1
245,254,2
245,255,2
245,256,1
245,146,2
245,257,1
245,258,2
246,187,1
246,188,1
246,247,1
246,248,1
246,249,1
246,250,1
246,251,1
246,189,1
246,252,1
246,253,1
246,254,1
246,255,1
246,256,1
246,146,1
246,257,1
246,258,1
187,247,2
187,248,1
187,249,1
187,250,2
187,251,2
187,252,1
187,253,1
187,254,2
187,255,2
187,256,1
187,257,1
187,258,2
188,247,2
188,248,1
188,249,1
188,250,2
188,251,2
188,252,1
188,253,1
188,254,2
188,255,2
188,256,1
188,257,1
188,258,2
247,248,1
247,249,1
247,250,2
247,251,2
247,189,2
247,252,1
247,253,1
247,254,2
247,255,2
247,256,1
247,146,2
247,257,1
247,258,2
248,249,1
248,250,1
248,251,1
248,189,1
248,252,1
248,253,1
248,254,1
248,255,1
248,256,1
248,146,1
248,257,1
248,258,1
249,250,1
249,251,1
249,189,1
249,252,1
249,253,1
249,254,1
249,255,1
249,256,1
249,146,1
249,257,1
249,258,1
250,251,2
250,189,2
250,252,1
250,253,1
250,254,2
250,255,2
250,256,1
250,146,2
250,257,1
250,258,2
251,189,2
251,252,1
251,253,1
251,254,2
251,255,2
251,256,1
251,146,2
251,257,1
251,258,2
189,252,1
189,253,1
189,254,2
189,255,2
189,256,1
189,257,1
189,258,2
252,253,1
252,254,1
252,255,1
252,256,1
252,146,1
252,257,1
252,258,1
253,254,1
253,255,1
253,256,1
253,146,1
253,257,1
253,258,1
254,255,2
254,256,1
254,146,2
254,257,1
254,258,2
255,256,1
255,146,2
255,257,1
255,258,2
256,146,1
256,257,1
256,258,1
146,257,1
146,258,2
257,258,1
178,259,1
178,260,1
178,261,1
178,262,1
178,263,1
178,264,1
178,265,1
178,162,1
178,266,1
178,267,1
178,268,1
178,269,1
178,270,1
178,271,1
178,272,1
178,273,1
178,274,1
178,275,1
178,276,1
178,277,1
178,278,1
178,279,1
178,280,1
178,281,1
178,282,1
178,283,1
178,118,1
178,284,1
178,285,1
178,286,1
259,260,1
259,261,1
259,262,1
259,263,1
259,264,1
259,265,1
259,216,1
259,217,1
259,162,1
259,221,1
259,223,1
259,225,1
259,226,1
259,177,1
259,141,1
259,227,1
259,266,1
259,267,1
259,268,1
259,269,1
259,270,1
259,271,1
259,272,1
259,273,1
259,274,1
259,275,1
259,228,1
259,229,1
259,142,1
259,276,1
259,277,1
259,278,1
259,279,1
259,280,1
259,143,1
259,180,1
259,181,1
259,182,1
259,183,1
259,231,1
259,232,1
259,281,1
259,176,1
259,234,1
259,185,1
259,186,1
259,145,1
259,237,1
259,238,1
259,282,1
259,239,1
259,240,1
259,241,1
259,283,1
259,242,1
259,118,1
259,284,1
259,245,1
259,187,1
259,188,1
259,285,1
259,250,1
259,251,1
259,189,1
259,254,1
259,255,1
259,286,1
259,146,1
259,258,1
259,220,1
259,222,1
259,179,1
259,235,1
259,247,1
260,261,1
260,262,1
260,263,1
260,264,1
260,265,1
260,216,1
260,217,1
260,162,1
260,221,1
260,223,1
260,225,1
260,226,1
260,177,1
260,141,1
260,227,1
260,266,1
260,267,1
260,268,1
260,269,1
260,270,1
260,271,1
260,272,1
260,273,1
260,274,1
260,275,1
260,228,1
260,229,1
260,142,1
260,276,1
260,277,1
260,278,1
260,279,1
260,280,1
260,143,1
260,180,1
260,181,1
260,182,1
260,183,1
260,231,1
260,232,1
260,281,1
260,176,1
260,234,1
260,185,1
260,186,1
260,145,1
260,237,1
260,238,1
260,282,1
260,239,1
260,240,1
260,241,1
260,283,1
260,242,1
260,118,1
260,284,1
260,245,1
260,187,1
260,188,1
260,285,1
260,250,1
260,251,1
260,189,1
260,254,1
260,255,1
260,286,1
260,146,1
260,258,1
260,220,1
260,222,1
260,179,1
260,235,1
260,247,1
261,262,1
261,263,1
261,264,1
261,265,1
261,216,1
261,217,1
261,162,1
261,221,1
261,223,1
261,225,1
261,226,1
261,177,1
261,141,1
261,227,1
261,266,1
261,267,1
261,268,1
261,269,1
261,270,1
261,271,1
261,272,1
261,273,1
261,274,1
261,275,1
261,228,1
261,229,1
261,142,1
261,276,1
261,277,1
261,278,1
261,279,1
261,280,1
261,143,1
261,180,1
261,181,1
261,182,1
261,183,1
261,231,1
261,232,1
261,281,1
261,176,1
261,234,1
261,185,1
261,186,1
261,145,1
261,237,1
261,238,1
261,282,1
261,239,1
261,240,1
261,241,1
261,283,1
261,242,1
261,118,1
261,284,1
261,245,1
261,187,1
261,188,1
261,285,1
261,250,1
261,251,1
261,189,1
261,254,1
261,255,1
261,286,1
261,146,1
261,258,1
261,220,1
261,222,1
261,179,1
261,235,1
261,247,1
262,263,1
262,264,1
262,265,1
262,216,1
262,217,1
262,162,1
262,221,1
262,223,1
262,225,1
262,226,1
262,177,1
262,141,1
262,227,1
262,266,1
262,267,1
262,268,1
262,269,1
262,270,1
262,271,1
262,272,1
262,273,1
262,274,1
262,275,1
262,228,1
262,229,1
262,142,1
262,276,1
262,277,1
262,278,1
262,279,1
262,280,1
262,143,1
262,180,1
262,181,1
262,182,1
262,183,1
262,231,1
262,232,1
262,281,1
262,176,1
262,234,1
262,185,1
262,186,1
262,145,1
262,237,1
262,238,1
262,282,1
262,239,1
262,240,1
262,241,1
262,283,1
262,242,1
262,118,1
262,284,1
262,245,1
262,187,1
262,188,1
262,285,1
262,250,1
262,251,1
262,189,1
262,254,1
262,255,1
262,286,1
262,146,1
262,258,1
262,220,1
262,222,1
262,179,1
262,235,1
262,247,1
263,264,1
263,265,1
263,216,1
263,217,1
263,162,1
263,221,1
263,223,1
263,225,1
263,226,1
263,177,1
263,141,1
263,227,1
263,266,1
263,267,1
263,268,1
263,269,1
263,270,1
263,271,1
263,272,1
263,273,1
263,274,1
263,275,1
263,228,1
263,229,1
263,142,1
263,276,1
263,277,1
263,278,1
263,279,1
263,280,1
263,143,1
263,180,1
263,181,1
263,182,1
263,183,1
263,231,1
263,232,1
263,281,1
263,176,1
263,234,1
263,185,1
263,186,1
263,145,1
263,237,1
263,238,1
263,282,1
263,239,1
263,240,1
263,241,1
263,283,1
263,242,1
263,118,1
263,284,1
263,245,1
263,187,1
263,188,1
263,285,1
263,250,1
263,251,1
263,189,1
263,254,1
263,255,1
263,286,1
263,146,1
263,258,1
263,220,1
263,222,1
263,179,1
263,235,1
263,247,1
264,265,1
264,216,1
264,217,1
264,162,1
264,221,1
264,223,1
264,225,1
264,226,1
264,177,1
264,141,1
264,227,1
264,266,1
264,267,1
264,268,1
264,269,1
264,270,1
264,271,1
264,272,1
264,273,1
264,274,1
264,275,1
264,228,1
264,229,1
264,142,1
264,276,1
264,277,1
264,278,1
264,279,1
264,280,1
264,143,1
264,180,1
264,181,1
264,182,1
264,183,1
264,231,1
264,232,1
264,281,1
264,176,1
264,234,1
264,185,1
264,186,1
264,145,1
264,237,1
264,238,1
264,282,1
264,239,1
264,240,1
264,241,1
264,283,1
264,242,1
264,118,1
264,284,1
264,245,1
264,187,1
264,188,1
264,285,1
264,250,1
264,251,1
264,189,1
264,254,1
264,255,1
264,286,1
264,146,1
264,258,1
264,220,1
264,222,1
264,179,1
264,235,1
264,247,1
265,216,1
265,217,1
265,162,1
265,221,1
265,223,1
265,225,1
265,226,1
265,177,1
265,141,1
265,227,1
265,266,1
265,267,1
265,268,1
265,269,1
265,270,1
265,271,1
265,272,1
265,273,1
265,274,1
265,275,1
265,228,1
265,229,1
265,142,1
265,276,1
265,277,1
265,278,1
265,279,1
265,280,1
265,143,1
265,180,1
265,181,1
265,182,1
265,183,1
265,231,1
265,232,1
265,281,1
265,176,1
265,234,1
265,185,1
265,186,1
265,145,1
265,237,1
265,238,1
265,282,1
265,239,1
265,240,1
265,241,1
265,283,1
265,242,1
265,118,1
265,284,1
265,245,1
265,187,1
265,188,1
265,285,1
265,250,1
265,251,1
265,189,1
265,254,1
265,255,1
265,286,1
265,146,1
265,258,1
265,220,1
265,222,1
265,179,1
265,235,1
265,247,1
216,162,1
216,266,1
216,267,1
216,268,1
216,269,1
216,270,1
216,271,1
216,272,1
216,273,1
216,274,1
216,275,1
216,276,1
216,277,1
216,278,1
216,279,1
216,280,1
216,181,1
216,281,1
216,186,1
216,282,1
216,283,1
216,118,1
216,284,1
216,285,1
216,286,1
217,162,1
217,266,1
217,267,1
217,268,1
217,269,1
217,270,1
217,271,1
217,272,1
217,273,1
217,274,1
217,275,1
217,276,1
217,277,1
217,278,1
217,279,1
217,280,1
217,181,1
217,281,1
217,186,1
217,282,1
217,283,1
217,118,1
217,284,1
217,285,1
217,286,1
162,221,1
162,223,1
162,225,1
162,226,1
162,177,1
162,141,1
162,227,1
162,266,1
162,267,1
162,268,1
162,269,1
162,270,1
162,271,1
162,272,1
162,273,1
162,274,1
162,275,1
162,228,1
162,229,1
162,142,1
162,276,1
162,277,1
162,278,1
162,279,1
162,280,1
162,143,1
162,180,1
162,181,1
162,182,1
162,183,1
162,231,1
162,232,1
162,281,1
162,176,1
162,234,1
162,185,1
162,186,1
162,145,1
162,237,1
162,238,1
162,282,1
162,239,1
162,240,1
162,241,1
162,283,1
162,242,1
162,118,1
162,284,1
162,245,1
162,187,1
162,188,1
162,285,1
162,250,1
162,251,1
162,189,1
162,254,1
162,255,1
162,286,1
162,146,1
162,258,1
162,220,1
162,222,1
162,179,1
162,235,1
162,247,1
221,266,1
221,267,1
221,268,1
221,269,1
221,270,1
221,271,1
221,272,1
221,273,1
221,274,1
221,275,1
221,276,1
221,277,1
221,278,1
221,279,1
221,280,1
221,181,1
221,281,1
221,186,1
221,282,1
221,283,1
221,118,1
221,284,1
221,285,1
221,286,1
223,266,1
223,267,1
223,268,1
223,269,1
223,270,1
223,271,1
223,272,1
223,273,1
223,274,1
223,275,1
223,276,1
223,277,1
223,278,1
223,279,1
223,280,1
223,181,1
223,281,1
223,186,1
223,282,1
223,283,1
223,118,1
223,284,1
223,285,1
223,286,1
225,266,1
225,267,1
225,268,1
225,269,1
225,270,1
225,271,1
225,272,1
225,273,1
225,274,1
225,275,1
225,276,1
225,277,1
225,278,1
225,279,1
225,280,1
225,181,1
225,281,1
225,186,1
225,282,1
225,283,1
225,118,1
225,284,1
225,285,1
225,286,1
226,266,1
226,267,1
226,268,1
226,269,1
226,270,1
226,271,1
226,272,1
226,273,1
226,274,1
226,275,1
226,276,1
226,277,1
226,278,1
226,279,1
226,280,1
226,181,1
226,281,1
226,186,1
226,282,1
226,283,1
226,118,1
226,284,1
226,285,1
226,286,1
177,266,1
177,267,1
177,268,1
177,269,1
177,270,1
177,271,1
177,272,1
177,273,1
177,274,1
177,275,1
177,276,1
177,277,1
177,278,1
177,279,1
177,280,1
177,281,1
177,282,1
177,283,1
177,118,1
177,284,1
177,285,1
177,286,1
141,266,1
141,267,1
141,268,1
141,269,1
141,270,1
141,271,1
141,272,1
141,273,1
141,274,1
141,275,1
141,276,1
141,277,1
141,278,1
141,279,1
141,280,1
141,281,1
141,282,1
141,283,1
141,118,1
141,284,1
141,285,1
141,286,1
227,266,1
227,267,1
227,268,1
227,269,1
227,270,1
227,271,1
227,272,1
227,273,1
227,274,1
227,275,1
227,276,1
227,277,1
227,278,1
227,279,1
227,280,1
227,181,1
227,281,1
227,186,1
227,282,1
227,283,1
227,118,1
227,284,1
227,285,1
227,286,1
266,267,1
266,268,1
266,269,1
266,270,1
266,271,1
266,272,1
266,273,1
266,274,1
266,275,1
266,228,1
266,229,1
266,142,1
266,276,1
266,277,1
266,278,1
266,279,1
266,280,1
266,143,1
266,180,1
266,181,1
266,182,1
266,183,1
266,231,1
266,232,1
266,281,1
266,176,1
266,234,1
266,185,1
266,186,1
266,145,1
266,237,1
266,238,1
266,282,1
266,239,1
266,240,1
266,241,1
266,283,1
266,242,1
266,118,1
266,284,1
266,245,1
266,187,1
266,188,1
266,285,1
266,250,1
266,251,1
266,189,1
266,254,1
266,255,1
266,286,1
266,146,1
266,258,1
220,266,1
222,266,1
266,179,1
266,235,1
266,247,1
267,268,1
267,269,1
267,270,1
267,271,1
267,272,1
267,273,1
267,274,1
267,275,1
267,228,1
267,229,1
267,142,1
267,276,1
267,277,1
267,278,1
267,279,1
267,280,1
267,143,1
267,180,1
267,181,1
267,182,1
267,183,1
267,231,1
267,232,1
267,281,1
267,176,1
267,234,1
267,185,1
267,186,1
267,145,1
267,237,1
267,238,1
267,282,1
267,239,1
267,240,1
267,241,1
267,283,1
267,242,1
267,118,1
267,284,1
267,245,1
267,187,1
267,188,1
267,285,1
267,250,1
267,251,1
267,189,1
267,254,1
267,255,1
267,286,1
267,146,1
267,258,1
220,267,1
222,267,1
267,179,1
267,235,1
267,247,1
268,269,1
268,270,1
268,271,1
268,272,1
268,273,1
268,274,1
268,275,1
268,228,1
268,229,1
268,142,1
268,276,1
268,277,1
268,278,1
268,279,1
268,280,1
268,143,1
268,180,1
268,181,1
268,182,1
268,183,1
268,231,1
268,232,1
268,281,1
268,176,1
268,234,1
268,185,1
268,186,1
268,145,1
268,237,1
268,238,1
268,282,1
268,239,1
268,240,1
268,241,1
268,283,1
268,242,1
268,118,1
268,284,1
268,245,1
268,187,1
268,188,1
268,285,1
268,250,1
268,251,1
268,189,1
268,254,1
268,255,1
268,286,1
268,146,1
268,258,1
220,268,1
222,268,1
268,179,1
268,235,1
268,247,1
269,270,1
269,271,1
269,272,1
269,273,1
269,274,1
269,275,1
269,228,1
269,229,1
269,142,1
269,276,1
269,277,1
269,278,1
269,279,1
269,280,1
269,143,1
269,180,1
269,181,1
269,182,1
269,183,1
269,231,1
269,232,1
269,281,1
269,176,1
269,234,1
269,185,1
269,186,1
269,145,1
269,237,1
269,238,1
269,282,1
269,239,1
269,240,1
269,241,1
269,283,1
269,242,1
269,118,1
269,284,1
269,245,1
269,187,1
269,188,1
269,285,1
269,250,1
269,251,1
269,189,1
269,254,1
269,255,1
269,286,1
269,146,1
269,258,1
220,269,1
222,269,1
269,179,1
269,235,1
269,247,1
270,271,1
270,272,1
270,273,1
270,274,1
270,275,1
270,228,1
270,229,1
270,142,1
270,276,1
270,277,1
270,278,1
270,279,1
270,280,1
270,143,1
270,180,1
270,181,1
270,182,1
270,183,1
270,231,1
270,232,1
270,281,1
270,176,1
270,234,1
270,185,1
270,186,1
270,145,1
270,237,1
270,238,1
270,282,1
270,239,1
270,240,1
270,241,1
270,283,1
270,242,1
270,118,1
270,284,1
270,245,1
270,187,1
270,188,1
270,285,1
270,250,1
270,251,1
270,189,1
270,254,1
270,255,1
270,286,1
270,146,1
270,258,1
220,270,1
222,270,1
270,179,1
270,235,1
270,247,1
271,272,1
271,273,1
271,274,1
271,275,1
271,228,1
271,229,1
271,142,1
271,276,1
271,277,1
271,278,1
271,279,1
271,280,1
271,143,1
271,180,1
271,181,1
271,182,1
271,183,1
271,231,1
271,232,1
271,281,1
271,176,1
271,234,1
271,185,1
271,186,1
271,145,1
271,237,1
271,238,1
271,282,1
271,239,1
271,240,1
271,241,1
271,283,1
271,242,1
271,118,1
271,284,1
271,245,1
271,187,1
271,188,1
271,285,1
271,250,1
271,251,1
271,189,1
271,254,1
271,255,1
271,286,1
271,146,1
271,258,1
220,271,1
222,271,1
271,179,1
271,235,1
271,247,1
272,273,1
272,274,1
272,275,1
272,228,1
272,229,1
272,142,1
272,276,1
272,277,1
272,278,1
272,279,1
272,280,1
272,143,1
272,180,1
272,181,1
272,182,1
272,183,1
272,231,1
272,232,1
272,281,1
272,176,1
272,234,1
272,185,1
272,186,1
272,145,1
272,237,1
272,238,1
272,282,1
272,239,1
272,240,1
272,241,1
272,283,1
272,242,1
272,118,1
272,284,1
272,245,1
272,187,1
272,188,1
272,285,1
272,250,1
272,251,1
272,189,1
272,254,1
272,255,1
272,286,1
272,146,1
272,258,1
220,272,1
222,272,1
272,179,1
272,235,1
272,247,1
273,274,1
273,275,1
273,228,1
273,229,1
273,142,1
273,276,1
273,277,1
273,278,1
273,279,1
273,280,1
273,143,1
273,180,1
273,181,1
273,182,1
273,183,1
273,231,1
273,232,1
273,281,1
273,176,1
273,234,1
273,185,1
273,186,1
273,145,1
273,237,1
273,238,1
273,282,1
273,239,1
273,240,1
273,241,1
273,283,1
273,242,1
273,118,1
273,284,1
273,245,1
273,187,1
273,188,1
273,285,1
273,250,1
273,251,1
273,189,1
273,254,1
273,255,1
273,286,1
273,146,1
273,258,1
220,273,1
222,273,1
273,179,1
273,235,1
273,247,1
274,275,1
274,228,1
274,229,1
274,142,1
274,276,1
274,277,1
274,278,1
274,279,1
274,280,1
274,143,1
274,180,1
274,181,1
274,182,1
274,183,1
274,231,1
274,232,1
274,281,1
274,176,1
274,234,1
274,185,1
274,186,1
274,145,1
274,237,1
274,238,1
274,282,1
274,239,1
274,240,1
274,241,1
274,283,1
274,242,1
274,118,1
274,284,1
274,245,1
274,187,1
274,188,1
274,285,1
274,250,1
274,251,1
274,189,1
274,254,1
274,255,1
274,286,1
274,146,1
274,258,1
220,274,1
222,274,1
274,179,1
274,235,1
274,247,1
275,228,1
275,229,1
275,142,1
275,276,1
275,277,1
275,278,1
275,279,1
275,280,1
275,143,1
275,180,1
275,181,1
275,182,1
275,183,1
275,231,1
275,232,1
275,281,1
275,176,1
275,234,1
275,185,1
275,186,1
275,145,1
275,237,1
275,238,1
275,282,1
275,239,1
275,240,1
275,241,1
275,283,1
275,242,1
275,118,1
275,284,1
275,245,1
275,187,1
275,188,1
275,285,1
275,250,1
275,251,1
275,189,1
275,254,1
275,255,1
275,286,1
275,146,1
275,258,1
220,275,1
222,275,1
275,179,1
275,235,1
275,247,1
228,276,1
228,277,1
228,278,1
228,279,1
228,280,1
228,181,1
228,281,1
228,186,1
228,282,1
228,283,1
228,118,1
228,284,1
228,285,1
228,286,1
229,276,1
229,277,1
229,278,1
229,279,1
229,280,1
229,181,1
229,281,1
229,186,1
229,282,1
229,283,1
229,118,1
229,284,1
229,285,1
229,286,1
142,276,1
142,277,1
142,278,1
142,279,1
142,280,1
142,281,1
142,282,1
142,283,1
142,118,1
142,284,1
142,285,1
142,286,1
276,277,1
276,278,1
276,279,1
276,280,1
276,143,1
276,180,1
276,181,1
276,182,1
276,183,1
276,231,1
276,232,1
276,281,1
276,176,1
276,234,1
276,185,1
276,186,1
276,145,1
276,237,1
276,238,1
276,282,1
276,239,1
276,240,1
276,241,1
276,283,1
276,242,1
276,118,1
276,284,1
276,245,1
276,187,1
276,188,1
276,285,1
276,250,1
276,251,1
276,189,1
276,254,1
276,255,1
276,286,1
276,146,1
276,258,1
220,276,1
222,276,1
179,276,1
276,235,1
276,247,1
277,278,1
277,279,1
277,280,1
277,143,1
277,180,1
277,181,1
277,182,1
277,183,1
277,231,1
277,232,1
277,281,1
277,176,1
277,234,1
277,185,1
277,186,1
277,145,1
277,237,1
277,238,1
277,282,1
277,239,1
277,240,1
277,241,1
277,283,1
277,242,1
277,118,1
277,284,1
277,245,1
277,187,1
277,188,1
277,285,1
277,250,1
277,251,1
277,189,1
277,254,1
277,255,1
277,286,1
277,146,1
277,258,1
220,277,1
222,277,1
179,277,1
277,235,1
277,247,1
278,279,1
278,280,1
278,143,1
278,180,1
278,181,1
278,182,1
278,183,1
278,231,1
278,232,1
278,281,1
278,176,1
278,234,1
278,185,1
278,186,1
278,145,1
278,237,1
278,238,1
278,282,1
278,239,1
278,240,1
278,241,1
278,283,1
278,242,1
278,118,1
278,284,1
278,245,1
278,187,1
278,188,1
278,285,1
278,250,1
278,251,1
278,189,1
278,254,1
278,255,1
278,286,1
278,146,1
278,258,1
220,278,1
222,278,1
179,278,1
278,235,1
278,247,1
279,280,1
279,143,1
279,180,1
279,181,1
279,182,1
279,183,1
279,231,1
279,232,1
279,281,1
279,176,1
279,234,1
279,185,1
279,186,1
279,145,1
279,237,1
279,238,1
279,282,1
279,239,1
279,240,1
279,241,1
279,283,1
279,242,1
279,118,1
279,284,1
279,245,1
279,187,1
279,188,1
279,285,1
279,250,1
279,251,1
279,189,1
279,254,1
279,255,1
279,286,1
279,146,1
279,258,1
220,279,1
222,279,1
179,279,1
279,235,1
279,247,1
280,143,1
280,180,1
280,181,1
280,182,1
280,183,1
280,231,1
280,232,1
280,281,1
280,176,1
280,234,1
280,185,1
280,186,1
280,145,1
280,237,1
280,238,1
280,282,1
280,239,1
280,240,1
280,241,1
280,283,1
280,242,1
280,118,1
280,284,1
280,245,1
280,187,1
280,188,1
280,285,1
280,250,1
280,251,1
280,189,1
280,254,1
280,255,1
280,286,1
280,146,1
280,258,1
220,280,1
222,280,1
179,280,1
280,235,1
280,247,1
143,281,1
143,282,1
143,283,1
143,118,1
143,284,1
143,285,1
143,286,1
180,281,1
180,282,1
180,283,1
180,118,1
180,284,1
180,285,1
180,286,1
181,231,1
181,232,1
181,281,1
181,234,1
181,145,1
181,237,1
181,238,1
181,282,1
181,239,1
181,240,1
181,241,1
181,283,1
181,242,1
181,118,1
181,284,1
181,245,1
181,285,1
181,250,1
181,251,1
181,254,1
181,255,1
181,286,1
181,258,1
220,181,1
222,181,1
181,235,1
181,247,1
182,281,1
182,282,1
182,283,1
182,118,1
182,284,1
182,285,1
182,286,1
183,281,1
183,282,1
183,283,1
183,118,1
183,284,1
183,285,1
183,286,1
231,281,1
231,186,1
231,282,1
231,283,1
231,118,1
231,284,1
231,285,1
231,286,1
232,281,1
232,186,1
232,282,1
232,283,1
232,118,1
232,284,1
232,285,1
232,286,1
281,176,1
281,234,1
281,185,1
281,186,1
281,145,1
281,237,1
281,238,1
281,282,1
281,239,1
281,240,1
281,241,1
281,283,1
281,242,1
281,118,1
281,284,1
281,245,1
281,187,1
281,188,1
281,285,1
281,250,1
281,251,1
281,189,1
281,254,1
281,255,1
281,286,1
281,146,1
281,258,1
220,281,1
222,281,1
179,281,1
281,235,1
281,247,1
176,282,1
176,283,1
176,118,1
176,284,1
176,285,1
176,286,1
234,186,1
234,282,1
234,283,1
234,118,1
234,284,1
234,285,1
234,286,1
185,282,1
185,283,1
185,118,1
185,284,1
185,285,1
185,286,1
186,145,1
186,237,1
186,238,1
186,282,1
186,239,1
186,240,1
186,241,1
186,283,1
186,242,1
186,118,1
186,284,1
186,245,1
186,285,1
186,250,1
186,251,1
186,254,1
186,255,1
186,286,1
186,258,1
220,186,1
222,186,1
186,235,1
186,247,1
145,282,1
145,283,1
145,118,1
145,284,1
145,285,1
145,286,1
237,282,1
237,283,1
237,118,1
237,284,1
237,285,1
237,286,1
238,282,1
238,283,1
238,118,1
238,284,1
238,285,1
238,286,1
282,239,1
282,240,1
282,241,1
282,283,1
282,242,1
282,118,1
282,284,1
282,245,1
282,187,1
282,188,1
282,285,1
282,250,1
282,251,1
282,189,1
282,254,1
282,255,1
282,286,1
282,146,1
282,258,1
220,282,1
222,282,1
179,282,1
235,282,1
282,247,1
239,283,1
239,118,1
239,284,1
239,285,1
239,286,1
240,283,1
240,118,1
240,284,1
240,285,1
240,286,1
241,283,1
241,118,1
241,284,1
241,285,1
241,286,1
283,242,1
283,118,1
283,284,1
283,245,1
283,187,1
283,188,1
283,285,1
283,250,1
283,251,1
283,189,1
283,254,1
283,255,1
283,286,1
283,146,1
283,258,1
220,283,1
222,283,1
179,283,1
235,283,1
283,247,1
242,118,1
242,284,1
242,285,1
242,286,1
118,284,1
118,245,1
118,187,1
118,188,1
118,285,1
118,250,1
118,251,1
118,189,1
118,254,1
118,255,1
118,286,1
118,146,1
118,258,1
220,118,1
222,118,1
179,118,1
235,118,1
118,247,1
284,245,1
284,187,1
284,188,1
284,285,1
284,250,1
284,251,1
284,189,1
284,254,1
284,255,1
284,286,1
284,146,1
284,258,1
220,284,1
222,284,1
179,284,1
235,284,1
284,247,1
245,285,1
245,286,1
187,285,1
187,286,1
188,285,1
188,286,1
285,250,1
285,251,1
285,189,1
285,254,1
285,255,1
285,286,1
285,146,1
285,258,1
220,285,1
222,285,1
179,285,1
235,285,1
247,285,1
250,286,1
251,286,1
189,286,1
254,286,1
255,286,1
286,146,1
286,258,1
220,286,1
222,286,1
179,286,1
235,286,1
247,286,1
