Source,Target,Weight
0,67,1
68,69,28
0,2,562
70,7,38
2,30,561
2,6,37
71,72,196
73,3,332
2,9,127
10,3,50
12,2,87
15,14,7
16,0,16
15,17,4
2,13,13
17,14,1
11,74,147
16,13,3
75,76,100
18,2,213
14,13,149
20,13,15
20,21,11
77,21,2
12,21,8
12,22,59
22,21,71
2,22,149
79,78,137
27,31,88
78,80,393
24,23,56
18,21,63
27,23,19
27,21,40
28,21,31
11,16,130
19,0,208
19,21,30
30,23,60
31,30,122
31,2,114
0,14,142
35,81,33
19,23,80
75,82,69
34,21,18
32,21,23
36,21,63
36,23,120
18,38,27
39,38,29
40,38,33
2,34,14
41,14,47
19,14,29
34,14,3
0,23,94
43,21,6
83,54,6
14,23,12
85,84,1
44,45,12
0,46,37
36,0,182
56,64,132
42,46,15
42,23,33
54,52,125
47,21,8
36,19,147
20,2,216
49,22,96
54,86,84
54,87,119
43,51,290
22,88,22
89,90,53
54,59,154
36,41,163
43,53,27
54,53,117
0,53,31
55,2,16
55,36,9
36,56,57
54,55,13
36,58,39
59,60,25
2,25,172
57,91,43
58,51,104
92,63,28
0,25,231
36,65,6
93,92,4
66,22,65
2,48,205
0,48,244
0,32,522
0,94,260
32,94,260
0,6,2
0,30,580
95,10,106
95,96,106
10,96,106
11,2,3
11,13,54
74,13,53
16,74,89
18,13,2
18,16,4
75,19,96
19,76,205
0,13,77
0,21,150
21,13,74
20,14,3
78,21,69
79,21,9
27,0,31
31,0,121
0,78,71
0,79,9
97,98,126
97,78,62
98,78,62
80,21,60
31,21,46
27,2,18
80,23,63
78,23,63
0,80,66
24,80,19
24,78,19
21,23,102
11,28,8
16,28,8
29,80,10
29,78,10
99,74,40
99,48,40
74,48,40
21,14,56
35,27,23
27,81,23
41,0,308
19,32,144
32,23,69
82,19,196
2,21,55
100,101,240
100,102,240
101,102,240
36,32,120
40,39,16
41,2,197
41,34,4
19,41,187
83,103,5
54,103,83
54,47,133
54,85,1
47,85,1
54,84,117
47,84,117
42,43,5
43,23,40
36,46,36
18,56,145
18,64,93
46,23,9
42,21,20
52,47,70
43,57,277
57,51,241
41,32,225
45,49,26
45,22,27
86,87,76
50,54,68
50,87,21
52,87,78
52,89,1
52,90,1
52,59,76
54,2,78
59,2,57
59,53,97
54,43,101
66,48,110
66,0,136
43,25,185
51,25,149
55,25,10
55,56,9
54,51,78
56,57,134
64,57,82
60,37,54
59,37,18
71,6,10
72,6,10
71,2,268
2,72,177
73,71,267
73,72,170
71,3,267
72,3,170
0,9,110
30,9,105
12,104,104
12,97,74
12,98,74
104,97,119
104,98,119
16,14,1
15,16,1
15,0,1
18,11,4
18,74,4
75,13,13
19,13,13
13,76,13
20,0,243
97,79,56
98,79,56
27,78,57
31,78,61
27,79,28
31,79,28
27,80,41
31,80,45
80,22,15
78,22,20
27,22,16
31,22,19
18,80,17
18,78,17
24,21,41
99,21,7
74,21,7
21,48,35
80,14,6
78,14,6
27,14,21
41,27,17
35,14,26
81,14,26
35,0,26
0,81,30
32,14,34
82,23,67
75,23,21
35,100,5
35,101,5
35,102,5
100,23,70
101,23,70
102,23,70
12,100,118
12,101,118
12,102,118
18,40,10
18,39,197
83,21,1
54,21,8
103,21,1
54,14,11
47,14,11
14,84,11
45,14,7
45,0,42
44,14,9
44,0,27
18,36,174
36,64,53
54,42,10
54,23,28
52,42,5
52,23,5
47,42,5
47,23,23
19,46,33
19,42,17
54,93,86
59,93,86
93,53,86
43,45,24
45,57,24
45,51,17
50,86,18
43,87,29
87,51,29
54,22,26
54,88,13
52,22,8
52,88,7
89,22,6
89,88,32
90,22,6
90,88,32
52,86,63
59,87,78
54,89,17
54,90,17
59,89,14
59,90,14
41,56,131
41,64,79
41,48,207
66,41,120
54,57,83
92,58,24
50,92,17
63,58,36
50,63,19
50,58,47
105,106,51
105,107,51
105,1,51
105,108,51
106,107,51
106,1,100
106,108,51
107,1,51
107,108,51
1,108,51
109,106,95
109,110,95
109,3,95
109,111,95
106,110,95
106,3,144
106,111,95
110,3,95
110,111,95
3,111,95
73,2,259
73,0,264
73,30,265
2,3,278
0,3,283
30,3,283
3,9,18
104,77,141
104,17,56
77,97,111
97,17,56
77,98,111
98,17,56
77,17,56
95,13,48
95,9,48
10,13,48
10,9,48
96,13,48
13,9,48
96,9,126
75,14,2
14,76,4
97,21,3
98,21,3
80,2,18
78,2,35
100,80,123
100,78,172
101,80,123
101,78,172
102,80,123
102,78,172
24,0,160
18,24,168
11,80,10
16,80,10
11,78,10
16,78,10
11,0,12
99,23,29
74,23,29
23,48,85
80,30,4
78,30,4
35,21,12
81,21,14
27,32,13
12,35,2
43,32,182
32,57,205
32,51,156
57,23,38
23,51,20
54,0,94
47,0,64
0,84,61
18,0,283
56,0,148
64,0,96
42,0,16
86,43,19
86,57,19
86,51,19
59,86,69
86,93,67
86,53,69
54,36,45
36,87,1
36,43,99
36,51,74
52,43,21
52,51,21
89,2,38
90,2,38
53,87,74
52,53,67
20,56,153
20,64,101
20,39,186
20,32,214
56,39,125
56,32,153
64,39,73
64,32,101
39,32,199
36,60,25
36,37,170
59,36,4
58,60,38
58,37,60
59,58,24
105,48,19
106,48,19
107,48,19
1,48,19
108,48,19
109,8,90
8,106,90
8,110,90
8,3,90
8,111,90
12,3,13
12,10,13
104,3,25
10,104,48
97,3,25
10,97,48
98,3,25
10,98,48
95,2,6
10,2,6
96,2,83
99,30,3
74,30,3
30,21,31
30,48,233
24,31,114
24,2,121
24,30,161
35,41,14
41,81,16
44,32,23
44,43,23
44,57,23
44,51,23
44,23,10
18,46,31
56,46,5
64,46,5
52,21,2
43,0,214
0,57,232
0,51,178
41,43,196
41,57,200
41,51,163
36,22,31
19,22,76
42,22,6
22,46,23
22,23,6
36,42,8
18,19,195
18,42,13
18,23,67
54,20,91
59,20,53
93,20,30
93,2,13
20,53,30
53,2,13
43,49,89
43,22,89
49,57,89
49,51,74
22,57,89
22,51,74
54,45,11
86,45,1
93,87,68
54,112,78
54,113,78
54,114,78
112,53,75
113,53,75
103,53,75
114,53,75
112,113,78
112,103,78
112,114,78
113,103,78
113,114,78
103,114,78
0,39,213
20,57,238
39,57,166
43,91,41
43,76,156
43,115,41
57,76,156
57,115,41
91,51,33
76,51,123
51,115,33
91,76,41
91,115,41
76,115,41
20,43,213
20,58,137
20,51,184
43,58,114
43,2,160
58,2,115
58,57,114
2,57,167
2,51,134
70,3,86
70,5,86
70,4,25
70,2,37
70,0,36
7,3,37
7,5,37
7,4,25
7,2,37
7,0,36
3,5,309
4,3,255
4,5,248
2,5,258
0,5,257
2,4,247
0,4,253
27,100,19
31,100,42
27,101,19
31,101,42
27,102,19
31,102,42
100,21,19
101,21,19
102,21,19
41,21,35
35,32,11
81,32,13
31,32,99
11,32,31
16,32,31
99,32,31
74,32,31
32,48,225
11,31,33
16,31,33
99,31,33
31,74,33
31,48,142
11,99,33
11,48,33
16,99,33
16,48,33
18,54,83
18,59,46
18,93,23
18,53,23
18,20,210
54,49,19
59,49,28
59,22,31
59,45,6
93,49,5
93,22,8
93,45,6
53,49,5
53,22,8
45,53,6
59,112,65
59,113,65
59,103,65
59,114,65
57,25,185
56,25,100
64,25,82
20,25,186
39,25,147
32,25,153
95,104,46
96,104,46
95,97,46
96,97,46
95,98,46
96,98,46
95,77,46
10,77,46
96,77,46
95,17,46
10,17,46
96,17,46
12,32,28
12,31,40
11,12,28
12,16,28
12,99,28
12,74,28
12,48,28
19,20,159
20,42,9
20,23,35
19,2,167
42,2,9
2,23,64
47,86,58
52,93,61
47,59,60
47,93,60
47,53,60
47,87,60
36,57,105
36,20,109
36,39,134
77,3,23
17,3,23
95,3,23
96,3,23
100,22,11
100,2,23
101,22,11
101,2,23
102,22,11
102,2,23
12,23,25
31,23,77
11,23,27
16,23,27
20,49,102
20,22,81
20,45,12
49,2,94
45,2,9
59,84,55
86,84,55
52,84,55
87,84,55
93,84,55
53,84,55
112,87,61
113,87,61
103,87,61
114,87,61
52,112,61
52,113,61
52,103,61
52,114,61
36,25,158
39,37,162
57,37,127
37,25,165
56,37,66
64,37,52
20,37,130
32,37,140
20,91,40
20,76,156
20,115,40
58,91,36
58,76,67
58,115,36
2,91,39
2,76,153
2,115,39
12,77,96
12,17,11
95,12,11
12,96,11
47,32,62
47,41,54
47,43,53
47,57,54
47,51,37
42,32,3
41,42,5
41,23,52
42,57,3
57,21,2
42,51,3
21,51,2
86,112,57
86,113,57
86,103,57
86,114,57
54,32,72
54,56,30
54,64,25
54,39,46
56,43,108
64,43,56
43,39,143
56,51,100
64,51,56
39,51,117
100,32,23
11,100,23
16,100,23
99,100,23
74,100,23
100,48,23
101,32,23
11,101,23
16,101,23
99,101,23
74,101,23
101,48,23
102,32,23
11,102,23
16,102,23
99,102,23
74,102,23
102,48,23
20,116,85
75,20,45
117,20,15
118,20,6
20,119,6
20,81,6
20,120,6
20,121,6
2,116,65
75,2,46
117,2,14
118,2,6
119,2,6
81,2,6
120,2,6
2,121,6
75,116,28
117,116,11
118,116,6
119,116,6
45,116,9
81,116,6
120,116,6
116,121,6
75,117,12
75,118,6
75,119,6
75,45,6
75,81,6
75,120,6
75,121,6
117,118,6
117,119,6
117,45,6
117,81,6
117,120,6
117,121,6
118,119,6
118,45,6
118,81,6
118,120,6
118,121,6
119,45,6
119,81,6
119,120,6
119,121,6
45,81,6
45,120,6
45,121,6
81,120,6
81,121,6
120,121,6
112,93,57
113,93,57
103,93,57
93,114,57
20,41,201
20,60,37
20,48,165
41,58,112
41,60,50
41,39,184
41,37,182
41,49,112
41,22,89
58,0,122
58,39,92
58,32,92
58,48,94
58,49,97
58,22,74
60,0,54
60,39,37
60,32,37
60,48,37
60,49,49
60,22,54
0,37,196
0,49,113
0,22,97
39,48,198
49,39,95
39,22,77
49,32,95
32,22,77
37,48,179
49,37,74
22,37,56
49,48,95
22,48,77
54,19,51
59,19,20
59,0,53
59,42,5
59,21,5
59,23,5
19,93,5
93,0,30
93,42,5
93,21,5
93,23,5
19,53,5
42,53,5
53,21,5
53,23,5
59,43,41
59,57,42
59,51,41
93,43,18
93,57,19
93,51,18
53,57,19
53,51,18
54,37,44
54,25,76
43,37,121
51,37,96
122,62,20
43,62,78
58,62,76
123,62,20
124,62,20
125,62,22
116,62,75
126,62,37
127,62,39
57,62,80
51,62,67
122,43,25
122,58,25
122,123,25
122,124,25
122,125,25
122,116,25
122,126,25
122,127,25
122,57,25
122,51,17
43,123,25
43,124,25
43,125,25
43,116,82
43,126,40
43,127,42
58,123,25
58,124,25
58,125,25
58,116,80
58,126,40
58,127,43
123,124,25
123,125,25
123,116,25
123,126,25
123,127,25
123,57,25
123,51,17
124,125,25
124,116,25
124,126,25
124,127,25
124,57,25
124,51,17
125,116,25
125,126,27
125,127,27
125,57,27
125,51,17
116,126,40
116,127,40
116,57,82
116,51,71
126,127,42
126,57,42
126,51,29
127,57,44
127,51,31
128,129,315
128,130,218
128,73,315
128,71,266
128,131,315
128,132,315
128,133,315
128,4,254
128,72,169
128,3,315
128,134,315
128,5,308
129,130,218
129,73,315
129,71,266
129,131,315
129,132,315
129,133,315
129,4,254
129,72,169
129,3,315
129,134,315
129,5,308
130,73,218
130,71,169
130,131,218
130,132,218
130,133,218
130,4,157
130,72,169
130,3,218
130,134,218
130,5,218
73,131,315
73,132,315
73,133,315
73,4,254
73,134,315
73,5,308
71,131,266
71,132,266
71,133,266
71,4,254
71,134,266
71,5,259
131,132,315
131,133,315
131,4,254
131,72,169
131,3,315
131,134,315
131,5,308
132,133,315
132,4,254
132,72,169
132,3,315
132,134,315
132,5,308
133,4,254
133,72,169
133,3,315
133,134,315
133,5,308
4,72,157
4,134,254
72,134,169
72,5,169
3,134,315
134,5,308
20,30,161
66,20,138
50,20,143
18,48,214
36,48,150
57,48,148
50,48,107
50,0,143
18,32,199
2,32,414
32,30,430
66,32,106
50,32,135
18,30,231
18,57,201
18,37,191
18,66,121
50,18,143
36,2,130
36,30,167
66,36,52
50,36,102
39,2,179
39,30,193
66,39,106
50,39,107
2,37,146
66,2,123
50,2,107
30,57,160
30,37,191
66,30,109
50,30,110
66,57,138
50,57,119
66,37,71
50,37,102
50,66,65
32,76,146
0,76,206
18,76,206
18,25,221
18,41,244
18,43,196
18,51,160
76,25,221
56,76,93
64,76,78
50,76,127
41,76,205
50,25,132
41,25,220
50,56,81
50,64,73
50,41,129
50,43,114
50,51,87
66,135,90
66,136,90
66,43,131
66,58,90
66,137,75
66,51,102
66,138,84
66,139,71
135,136,92
135,20,97
135,41,81
135,43,97
135,58,95
135,2,75
135,57,97
135,137,80
135,51,86
135,138,82
135,139,71
136,20,92
136,41,78
136,43,92
136,58,90
136,2,75
136,57,92
136,137,75
136,51,81
136,138,82
136,139,71
20,137,80
20,138,84
20,139,73
41,137,78
41,138,72
41,139,71
43,137,80
138,43,82
43,139,71
58,137,80
138,58,82
58,139,69
2,137,75
138,2,69
2,139,71
57,137,80
138,57,84
57,139,73
137,51,72
138,137,67
137,139,69
138,51,71
51,139,64
138,139,68
62,9,62
18,62,77
135,62,77
136,62,77
140,62,77
20,62,79
96,62,79
141,62,79
62,139,58
18,9,63
135,9,67
136,9,62
140,9,62
20,9,83
43,9,83
141,9,62
57,9,83
51,9,75
9,139,56
18,135,77
18,136,77
18,140,77
18,96,78
18,141,77
18,139,56
135,140,77
135,96,77
135,141,77
136,140,77
136,96,77
136,141,77
140,20,77
140,43,77
140,96,77
140,141,77
140,57,77
140,51,66
140,139,56
20,96,95
20,141,79
43,96,93
43,141,77
96,141,79
96,57,95
96,51,82
96,139,58
141,57,79
141,51,66
141,139,58
41,30,216
54,38,56
59,38,56
86,38,54
52,38,56
47,112,56
47,113,56
47,103,56
47,114,56
47,38,56
112,84,54
113,84,54
103,84,54
114,84,54
84,38,54
87,38,56
93,38,56
53,38,56
112,38,56
113,38,56
103,38,56
114,38,56
66,25,88
135,25,53
136,25,53
58,25,93
137,25,38
138,25,45
25,139,32
135,0,92
136,0,87
0,137,76
138,0,78
0,139,66
82,48,159
19,48,169
24,48,141
45,48,16
28,48,141
76,48,161
48,25,164
82,0,176
0,28,158
18,82,176
18,31,111
18,45,35
18,28,158
82,36,156
82,24,156
82,41,176
82,31,109
82,45,33
82,28,156
82,30,176
82,76,191
82,37,163
82,25,191
36,24,156
36,31,109
36,45,35
36,28,156
36,76,156
19,24,141
19,31,94
19,45,35
19,28,141
19,30,186
19,37,158
19,25,179
24,41,157
24,45,33
24,28,158
24,76,158
24,37,156
24,25,158
41,31,110
41,45,33
41,28,157
31,45,16
31,28,111
31,76,111
31,37,109
31,25,111
45,28,33
45,30,33
45,76,33
45,37,33
45,25,33
28,30,158
28,76,158
28,37,156
28,25,158
30,76,178
30,25,181
76,37,163
54,46,7
59,46,3
36,93,3
93,46,3
36,53,3
53,46,3
20,46,12
2,46,8
18,22,92
21,46,3
59,32,49
86,32,26
52,32,26
32,84,59
87,32,26
93,32,26
53,32,26
112,32,29
113,32,29
103,32,29
114,32,29
32,38,26
55,59,12
55,86,6
52,55,8
47,55,8
55,84,6
55,87,8
55,93,8
55,53,8
55,112,8
55,113,8
55,103,8
55,114,8
55,38,8
75,9,39
82,9,39
142,9,39
19,9,64
91,9,39
76,9,39
115,9,39
9,25,42
75,142,39
75,43,41
75,96,39
75,57,41
75,91,39
75,51,33
75,115,39
75,25,43
82,142,39
82,20,127
82,43,126
82,96,42
82,2,150
82,57,126
82,91,39
82,51,93
82,115,39
142,19,39
142,20,39
142,43,39
142,96,39
142,2,38
142,57,39
142,91,39
142,76,39
142,51,31
142,115,39
142,25,39
19,43,151
19,96,67
19,57,151
19,91,39
19,51,118
19,115,39
96,91,39
96,76,42
96,115,39
96,25,57
91,25,39
115,25,39
46,9,1
75,46,5
82,46,28
142,46,1
43,46,26
96,46,4
57,46,26
91,46,1
46,76,28
46,51,19
46,115,1
46,25,28
61,62,64
66,62,78
41,62,65
2,62,62
143,62,18
138,62,69
66,61,64
20,61,64
41,61,76
96,61,64
141,61,64
125,61,21
2,61,61
126,61,24
61,127,24
61,57,76
61,143,6
61,139,55
138,61,56
66,96,77
66,141,77
66,125,21
66,126,36
66,127,37
66,143,18
20,125,26
20,126,41
20,127,45
20,143,18
41,96,66
41,141,65
41,125,24
41,126,27
41,127,30
41,143,6
96,125,21
96,126,36
96,127,38
96,143,18
138,96,69
141,125,21
141,2,62
141,126,36
141,127,38
141,143,18
138,141,69
125,2,21
125,143,3
125,139,18
138,125,16
2,126,21
2,127,24
2,143,3
126,143,18
126,139,18
138,126,31
127,143,18
127,139,20
138,127,32
57,143,18
143,139,3
138,143,18
43,48,143
51,48,117
43,30,155
39,23,50
30,51,122
23,37,56
66,23,26
50,23,28
86,0,25
52,0,26
0,87,25
112,0,28
113,0,28
103,0,28
114,0,28
0,38,30
58,9,77
75,58,35
82,58,66
142,58,35
19,58,91
58,96,87
12,144,85
40,144,85
144,145,85
144,146,85
144,77,85
144,78,85
144,100,85
147,144,85
144,148,85
144,104,85
144,149,85
144,101,85
144,102,85
144,150,85
144,151,85
144,79,80
12,40,85
12,145,85
12,146,85
12,78,85
12,147,85
12,148,85
12,149,85
12,150,85
12,151,85
12,79,80
40,145,85
40,146,85
40,77,85
40,78,85
40,100,85
40,147,85
40,148,85
40,104,85
40,149,85
40,101,85
40,102,85
40,150,85
40,151,85
40,79,80
145,146,85
145,77,85
145,78,85
145,100,85
147,145,85
145,148,85
145,104,85
145,149,85
145,101,85
145,102,85
145,150,85
145,151,85
145,79,80
146,77,85
146,78,85
146,100,85
147,146,85
146,148,85
146,104,85
146,149,85
146,101,85
146,102,85
146,150,85
146,151,85
146,79,80
77,78,85
77,100,85
147,77,85
148,77,85
77,149,85
77,101,85
77,102,85
77,150,85
77,151,85
77,79,80
147,78,85
148,78,85
104,78,85
149,78,85
150,78,85
151,78,85
147,100,85
148,100,85
104,100,85
149,100,85
100,150,85
100,151,85
100,79,80
147,148,85
147,104,85
147,149,85
147,101,85
147,102,85
147,150,85
147,151,85
147,79,80
148,104,85
148,149,85
148,101,85
148,102,85
148,150,85
148,151,85
148,79,80
104,149,85
104,101,85
104,102,85
104,150,85
104,151,85
104,79,80
149,101,85
149,102,85
149,150,85
149,151,85
149,79,80
101,150,85
101,151,85
101,79,80
102,150,85
102,151,85
102,79,80
150,151,85
150,79,80
151,79,80
28,2,118
82,21,28
82,39,140
24,39,120
31,39,90
28,23,52
28,39,120
21,76,30
21,37,28
21,25,30
39,21,23
23,76,52
23,25,52
39,76,140
44,20,20
44,48,20
18,44,20
44,36,20
44,39,20
44,2,20
44,30,20
44,37,20
66,44,20
50,44,20
42,48,4
46,48,10
82,42,4
24,42,4
24,46,27
41,46,27
42,31,4
42,45,4
42,28,4
42,30,4
42,76,4
42,37,4
42,25,4
31,46,10
45,46,23
28,46,27
30,46,27
46,37,27
152,32,43
153,32,13
117,32,15
154,32,13
155,32,13
156,32,67
157,32,13
127,32,30
18,152,43
18,153,13
18,117,17
18,154,13
18,155,13
18,60,49
18,156,67
18,157,13
18,127,42
152,153,13
152,117,13
152,154,13
152,155,13
152,60,17
152,0,43
152,156,15
152,157,13
152,39,43
152,127,15
152,22,17
152,30,43
152,37,43
152,48,43
153,117,13
153,154,13
153,155,13
153,60,13
153,0,13
153,156,13
153,157,13
153,39,13
153,127,13
153,22,13
153,30,13
153,37,13
153,48,13
117,154,13
117,155,13
117,60,13
117,0,17
117,156,13
117,157,13
117,39,15
117,127,13
117,22,15
117,30,15
117,37,15
117,48,15
154,155,13
154,60,13
154,0,13
154,156,13
154,157,13
154,39,13
154,127,13
154,22,13
154,30,13
154,37,13
154,48,13
155,60,13
155,0,13
155,156,13
155,157,13
155,39,13
155,127,13
155,22,13
155,30,13
155,37,13
155,48,13
60,156,30
60,157,13
60,127,24
60,30,49
0,156,67
0,157,13
0,127,47
156,157,13
156,39,67
156,127,27
156,22,67
156,30,67
156,37,29
156,48,67
157,39,13
157,127,13
157,22,13
157,30,13
157,37,13
157,48,13
39,127,30
127,22,33
127,30,30
127,37,23
127,48,32
22,30,89
54,92,20
54,62,25
54,66,58
52,92,2
52,62,2
52,66,2
47,92,2
92,87,2
59,92,2
92,53,2
112,92,2
113,92,2
103,92,2
92,114,2
55,92,2
92,38,2
92,22,12
92,62,25
66,92,25
47,22,1
47,62,2
47,66,35
87,22,1
87,62,2
66,87,2
59,62,25
59,66,25
93,62,2
66,93,2
53,62,2
66,53,2
112,22,1
112,62,2
66,112,2
113,22,1
113,62,2
66,113,2
103,22,1
103,62,2
66,103,2
114,22,1
114,62,2
66,114,2
55,22,8
55,62,9
55,66,9
22,38,1
62,38,2
66,38,2
22,62,65
144,2,17
40,2,23
145,2,17
146,2,17
77,2,17
147,2,17
148,2,17
104,2,17
149,2,17
150,2,17
151,2,17
79,2,17
18,75,30
18,99,2
75,11,2
75,16,2
75,99,2
75,24,8
75,31,4
75,74,2
75,0,30
75,28,8
75,30,28
75,21,4
75,48,28
11,19,2
11,24,2
11,30,2
11,21,2
11,76,2
11,25,2
16,19,2
16,24,2
16,2,2
16,30,2
16,21,2
16,76,2
16,25,2
99,19,2
99,24,2
99,0,2
99,28,2
99,2,2
99,76,2
99,25,2
19,74,2
24,74,2
74,0,2
74,28,2
74,2,2
74,76,2
74,25,2
19,39,150
2,38,6
48,38,5
82,38,5
36,38,5
24,38,5
41,38,23
31,38,5
28,38,5
30,38,5
21,38,5
23,38,5
76,38,22
37,38,5
25,38,22
40,48,6
40,0,10
82,40,6
36,40,6
24,40,6
41,40,6
40,31,18
40,28,6
40,30,6
40,21,7
40,23,7
40,76,6
40,37,6
40,25,6
158,9,64
137,9,65
9,48,67
122,9,24
123,9,24
124,9,24
125,9,24
116,9,64
126,9,24
127,9,26
158,135,79
158,20,79
158,43,79
158,58,79
158,57,79
158,137,64
158,48,64
158,122,24
158,123,24
158,124,24
158,125,24
158,0,79
158,116,79
158,126,39
158,127,39
158,51,68
135,48,66
135,122,24
135,123,24
135,124,24
135,125,24
135,116,79
135,126,39
135,127,41
122,20,24
20,123,24
20,124,24
137,48,65
122,137,24
123,137,24
124,137,24
125,137,24
116,137,64
126,137,24
127,137,25
122,48,24
123,48,24
124,48,24
125,48,24
116,48,66
126,48,24
122,0,24
123,0,24
124,0,24
125,0,24
0,116,83
0,126,39
144,22,5
40,22,5
145,22,5
146,22,5
77,22,5
147,22,5
148,22,5
104,22,5
149,22,5
150,22,5
151,22,5
79,22,5
144,97,55
144,98,55
40,97,55
40,98,55
145,97,55
145,98,55
146,97,55
146,98,55
97,100,55
147,97,55
148,97,55
97,149,55
97,101,55
97,102,55
97,150,55
97,151,55
98,100,55
147,98,55
148,98,55
149,98,55
98,101,55
98,102,55
98,150,55
98,151,55
75,41,27
11,41,1
16,41,1
99,41,1
41,74,1
19,38,3
19,40,4
82,32,118
24,32,98
28,32,98
24,43,91
24,57,91
24,51,66
43,31,68
43,28,91
31,57,68
31,51,50
28,57,91
28,51,66
159,0,263
128,0,263
129,0,263
160,0,263
71,0,263
131,0,263
132,0,263
133,0,263
161,0,263
162,0,263
0,134,263
159,32,259
128,32,259
129,32,259
160,32,259
73,32,259
71,32,259
131,32,259
132,32,259
133,32,259
161,32,259
162,32,259
32,4,248
32,3,259
32,134,259
32,5,256
159,94,259
128,94,259
129,94,259
160,94,259
73,94,259
71,94,259
131,94,259
132,94,259
133,94,259
161,94,259
162,94,259
94,4,248
94,3,259
94,134,259
94,5,256
2,94,257
30,94,259
159,128,313
159,129,313
159,160,313
159,73,313
159,71,264
159,131,313
159,132,313
159,133,313
159,161,313
159,162,313
159,4,252
159,3,313
159,134,313
159,5,306
159,2,258
159,30,264
128,160,313
128,161,313
128,162,313
128,2,258
128,30,264
129,160,313
129,161,313
129,162,313
129,2,258
129,30,264
160,73,313
160,71,264
160,131,313
160,132,313
160,133,313
160,161,313
160,162,313
160,4,252
160,3,313
160,134,313
160,5,306
160,2,258
160,30,264
73,161,313
73,162,313
71,161,264
71,162,264
71,30,264
131,161,313
131,162,313
131,2,258
131,30,264
132,161,313
132,162,313
132,2,258
132,30,264
133,161,313
133,162,313
133,2,258
133,30,264
161,162,313
161,4,252
161,3,313
161,134,313
161,5,306
161,2,258
161,30,264
162,4,252
162,3,313
162,134,313
162,5,306
162,2,258
162,30,264
30,4,252
2,134,258
30,134,264
30,5,257
97,2,7
98,2,7
40,80,36
147,80,36
148,80,36
104,80,36
77,80,36
97,80,36
149,80,36
98,80,36
150,80,36
151,80,36
144,80,36
12,80,36
145,80,36
146,80,36
79,80,31
104,29,5
29,97,5
29,98,5
77,29,5
12,29,5
29,100,5
40,29,5
147,29,5
148,29,5
29,149,5
29,101,5
29,102,5
29,150,5
29,151,5
144,29,5
145,29,5
146,29,5
54,48,45
54,82,46
54,24,40
54,41,66
54,31,37
54,28,40
54,30,48
54,76,63
52,48,1
18,52,18
52,82,1
52,36,1
52,19,1
52,24,1
52,41,19
52,31,1
52,45,1
52,28,1
52,30,1
52,46,1
52,76,18
52,37,1
52,25,18
45,23,3
32,46,8
39,46,8
82,22,47
24,22,27
28,22,27
22,76,47
22,25,50
18,49,108
82,60,34
82,49,70
36,49,51
19,60,44
19,49,96
24,60,24
24,49,50
43,60,46
45,60,17
60,28,24
60,57,47
60,46,17
60,76,34
60,51,39
60,25,34
28,49,50
49,30,107
49,46,18
49,76,70
49,25,73
18,61,74
82,61,37
36,61,17
19,61,62
24,61,17
43,61,74
45,61,15
60,61,38
0,61,74
28,61,17
49,61,74
61,22,74
61,30,74
61,46,15
61,76,37
61,37,36
61,25,40
105,159,49
105,128,49
105,129,49
105,160,49
105,73,49
105,71,49
105,131,49
105,132,49
105,133,49
105,161,49
105,162,49
105,4,49
105,3,49
105,134,49
105,0,49
105,30,49
159,106,98
159,107,49
159,1,172
159,108,49
128,106,98
128,107,49
128,1,172
128,108,49
106,129,98
106,160,98
106,73,98
106,71,49
106,131,98
106,132,98
106,133,98
106,161,98
106,162,98
106,4,49
106,134,98
106,0,49
106,30,49
129,107,49
129,1,172
129,108,49
107,160,49
107,73,49
107,71,49
107,131,49
107,132,49
107,133,49
107,161,49
107,162,49
107,4,49
107,3,49
107,134,49
107,0,49
107,30,49
1,160,172
1,73,172
1,71,123
1,131,172
1,132,172
1,133,172
1,161,172
1,162,172
1,4,111
1,3,172
1,134,172
1,0,122
1,30,123
160,108,49
73,108,49
71,108,49
131,108,49
132,108,49
133,108,49
161,108,49
162,108,49
108,4,49
108,3,49
108,134,49
108,0,49
108,30,49
159,70,85
159,130,216
159,7,36
159,72,167
70,128,85
70,129,85
70,130,85
70,1,85
70,160,85
70,73,85
70,71,36
70,131,85
70,132,85
70,133,85
70,161,85
70,162,85
70,72,36
70,134,85
70,30,36
128,7,36
129,7,36
130,1,123
130,160,216
130,7,36
130,161,216
130,162,216
130,2,167
130,30,167
1,7,36
1,72,74
1,5,165
1,2,117
160,7,36
160,72,167
73,7,36
71,7,36
131,7,36
7,132,36
7,133,36
7,161,36
7,162,36
7,72,36
7,134,36
7,30,36
161,72,167
162,72,167
30,72,167
61,51,59
130,0,166
130,32,166
130,94,166
0,72,166
32,72,166
94,72,166
109,159,49
109,70,49
109,128,49
109,129,49
109,130,49
109,1,49
109,160,49
109,73,49
109,131,49
109,132,49
109,133,49
109,161,49
109,162,49
109,6,49
109,134,49
109,5,49
159,8,49
159,110,49
159,6,49
159,111,49
70,8,49
70,106,49
70,110,49
70,6,49
70,111,49
8,128,49
8,129,49
8,130,49
8,1,49
8,160,49
8,73,49
8,131,49
8,132,49
8,133,49
8,161,49
8,162,49
8,6,49
8,134,49
8,5,49
128,110,49
128,6,49
128,111,49
106,130,49
106,6,49
106,5,91
129,110,49
129,6,49
129,111,49
130,110,49
130,6,49
130,111,49
1,110,49
1,6,49
1,111,49
160,110,49
160,6,49
160,111,49
73,110,49
73,6,49
73,111,49
131,110,49
131,6,49
131,111,49
132,110,49
132,6,49
132,111,49
133,110,49
133,6,49
133,111,49
161,110,49
161,6,49
161,111,49
162,110,49
162,6,49
162,111,49
110,6,49
110,134,49
110,5,49
3,6,49
6,111,49
6,134,49
6,5,49
111,134,49
111,5,49
40,27,12
27,147,12
31,147,12
27,148,12
31,148,12
27,104,12
31,104,12
27,77,12
31,77,12
27,97,12
31,97,12
27,149,12
31,149,12
27,98,12
31,98,12
27,150,12
31,150,12
27,151,12
31,151,12
27,144,12
31,144,12
12,27,12
27,145,12
31,145,12
27,146,12
31,146,12
24,20,92
20,31,59
20,28,92
50,82,99
50,19,99
50,24,91
50,31,58
50,28,91
58,61,64
18,58,104
24,58,35
45,58,5
58,28,35
58,30,92
58,46,5
105,32,45
106,32,45
107,32,45
1,32,118
108,32,45
105,94,45
106,94,45
107,94,45
1,94,118
108,94,45
11,109,14
11,159,14
11,70,14
11,8,14
11,128,14
11,106,14
11,129,14
11,130,14
11,1,14
11,160,14
11,73,14
11,131,14
11,132,14
11,133,14
11,161,14
11,162,14
11,110,14
11,3,14
11,6,14
11,111,14
11,134,14
11,5,14
0,100,4
147,0,4
0,148,4
0,104,4
0,77,4
0,97,4
0,149,4
0,98,4
0,101,4
0,102,4
0,150,4
0,151,4
0,144,4
12,0,4
0,145,4
0,146,4
82,66,61
66,19,86
66,24,41
66,31,35
66,28,41
66,76,61
47,20,53
47,48,35
18,47,52
47,82,35
47,36,35
47,19,35
47,24,35
47,31,35
47,28,35
47,39,35
47,2,36
47,30,35
47,76,52
47,37,35
47,25,52
50,47,52
70,32,35
7,32,35
70,94,35
7,94,35
42,104,1
42,97,1
42,98,1
42,77,1
42,29,1
12,42,1
42,100,1
40,42,1
42,147,1
42,148,1
42,149,1
42,101,1
42,102,1
42,150,1
42,151,1
42,80,1
42,144,1
42,145,1
42,146,1
42,78,1
104,21,1
29,21,1
147,21,1
148,21,1
149,21,1
150,21,1
151,21,1
144,21,1
145,21,1
146,21,1
104,23,1
97,23,1
98,23,1
77,23,1
29,23,1
147,23,1
148,23,1
149,23,1
150,23,1
151,23,1
144,23,1
145,23,1
146,23,1
43,104,1
43,97,1
43,98,1
43,77,1
43,29,1
12,43,1
43,100,1
40,43,1
43,147,1
43,148,1
43,149,1
43,101,1
43,102,1
43,150,1
43,151,1
43,80,1
43,144,1
43,145,1
43,146,1
43,78,1
50,21,1
56,48,102
82,56,65
19,56,90
24,56,45
56,31,15
56,28,45
56,2,102
56,30,102
64,48,50
82,64,50
19,64,50
24,64,45
64,31,15
64,28,45
64,2,50
64,30,50
54,116,25
54,75,8
54,117,5
54,118,2
54,119,2
54,81,2
54,120,2
54,121,2
59,116,25
59,75,6
59,117,6
59,118,2
59,119,2
59,81,2
59,120,2
59,121,2
93,116,2
75,93,2
117,93,2
118,93,2
93,119,2
93,81,2
93,120,2
93,121,2
53,116,2
75,53,2
117,53,2
118,53,2
119,53,2
81,53,2
53,120,2
53,121,2
116,22,67
75,22,25
118,22,2
119,22,2
81,22,2
120,22,2
121,22,2
18,116,78
18,118,4
18,119,4
18,81,4
18,120,4
18,121,4
36,116,9
75,36,8
117,36,7
118,36,4
36,119,4
36,81,4
36,120,4
36,121,4
19,116,54
117,19,12
118,19,4
19,119,4
19,81,4
19,120,4
19,121,4
118,0,4
119,0,4
0,120,4
0,121,4
116,46,7
117,46,4
118,46,4
119,46,4
81,46,4
120,46,4
121,46,4
42,116,2
75,42,2
117,42,2
118,42,2
119,42,2
42,81,2
42,120,2
42,121,2
116,21,2
117,21,2
118,21,2
119,21,2
45,21,2
120,21,2
121,21,2
116,23,2
117,23,2
118,23,2
119,23,2
81,23,2
120,23,2
121,23,2
94,48,18
105,2,43
159,48,18
128,48,18
106,2,43
129,48,18
107,2,43
160,48,18
73,48,18
71,48,18
131,48,18
132,48,18
133,48,18
161,48,18
162,48,18
108,2,43
4,48,18
3,48,18
134,48,18
105,5,42
107,5,42
108,5,42
50,46,7
42,49,1
49,21,1
49,23,1
49,116,66
75,49,25
117,49,9
118,49,1
119,49,1
81,49,1
49,120,1
49,121,1
5,48,17
84,48,33
18,84,50
82,84,33
36,84,33
19,84,33
24,84,33
20,84,50
41,84,50
43,84,50
31,84,33
28,84,33
39,84,33
2,84,33
30,84,33
57,84,50
23,84,18
76,84,50
84,37,33
84,25,50
66,84,33
50,84,50
51,84,34
63,9,20
158,63,35
135,63,35
63,20,35
63,43,35
63,57,35
63,137,20
63,48,20
122,63,20
63,123,20
63,124,20
63,125,20
63,0,35
63,116,35
63,126,35
63,127,35
63,51,26
63,41,23
63,60,15
63,39,20
63,32,20
63,37,15
63,49,23
63,22,23
41,9,64
60,9,27
39,9,65
32,9,65
37,9,27
49,9,64
22,9,64
158,41,65
158,60,28
158,39,62
158,32,62
158,37,27
158,49,65
158,22,65
135,60,30
135,39,64
135,32,64
135,37,29
135,49,66
135,22,67
60,137,26
39,137,63
32,137,63
137,37,25
49,137,63
22,137,63
122,41,22
122,60,12
122,39,22
122,32,22
122,37,12
122,49,22
122,22,22
41,123,22
123,60,12
123,39,22
123,32,22
123,37,12
123,49,22
123,22,22
41,124,22
124,60,12
124,39,22
124,32,22
124,37,12
124,49,22
124,22,22
60,125,13
125,39,22
125,32,22
125,37,12
125,49,22
125,22,22
41,116,67
60,116,28
39,116,64
116,32,64
116,37,29
60,126,16
39,126,22
126,32,22
126,37,15
49,126,25
126,22,25
49,127,28
105,68,27
105,69,27
68,159,27
68,128,27
68,106,27
68,129,27
68,107,27
68,1,27
68,160,27
68,73,27
68,71,27
68,131,27
68,132,27
68,133,27
68,161,27
68,162,27
68,108,27
68,4,27
68,3,27
68,134,27
68,5,27
68,2,27
68,0,27
68,30,27
68,32,27
68,94,27
159,69,27
128,69,27
106,69,27
129,69,27
107,69,27
1,69,27
160,69,27
73,69,27
71,69,27
131,69,27
132,69,27
133,69,27
161,69,27
162,69,27
108,69,27
69,4,27
69,3,27
69,134,27
69,5,27
2,69,27
0,69,27
69,30,27
32,69,27
69,94,27
109,12,1
12,159,1
12,70,1
12,8,1
12,128,1
12,106,1
12,129,1
12,130,1
12,1,1
12,160,1
12,73,1
12,131,1
12,132,1
12,133,1
12,161,1
12,162,1
12,110,1
12,6,1
12,111,1
12,134,1
12,5,1
109,104,1
159,104,1
70,104,1
8,104,1
128,104,1
106,104,1
129,104,1
130,104,1
1,104,1
160,104,1
73,104,1
131,104,1
132,104,1
133,104,1
161,104,1
162,104,1
104,110,1
104,6,1
104,111,1
104,134,1
104,5,1
109,97,1
159,97,1
70,97,1
8,97,1
128,97,1
106,97,1
129,97,1
130,97,1
1,97,1
160,97,1
73,97,1
131,97,1
132,97,1
133,97,1
161,97,1
162,97,1
97,110,1
97,6,1
97,111,1
97,134,1
97,5,1
109,98,1
159,98,1
70,98,1
8,98,1
128,98,1
106,98,1
129,98,1
130,98,1
1,98,1
160,98,1
73,98,1
131,98,1
132,98,1
133,98,1
161,98,1
162,98,1
98,110,1
98,6,1
98,111,1
98,134,1
98,5,1
109,10,1
159,10,1
70,10,1
8,10,1
128,10,1
106,10,1
129,10,1
130,10,1
1,10,1
160,10,1
73,10,1
131,10,1
132,10,1
133,10,1
10,161,1
10,162,1
10,110,1
10,6,1
10,111,1
10,134,1
10,5,1
54,44,15
47,44,15
44,84,15
82,44,15
44,19,15
44,24,15
44,41,15
44,31,15
44,28,15
44,76,15
44,25,15
59,76,21
59,25,21
59,56,40
59,64,21
50,59,17
59,41,41
86,20,17
18,86,17
86,76,17
86,25,17
86,56,17
86,64,17
86,41,17
52,20,18
52,57,18
52,56,17
52,64,17
50,52,17
47,56,17
47,64,17
56,84,17
64,84,17
20,87,18
18,87,17
87,57,18
87,76,17
87,25,17
56,87,17
64,87,17
41,87,18
93,76,17
93,25,17
93,56,17
93,64,17
50,93,17
93,41,18
53,76,17
53,25,17
56,53,17
64,53,17
50,53,17
41,53,18
112,20,21
18,112,20
112,57,21
112,76,20
112,25,20
112,56,20
112,64,20
50,112,20
112,41,21
112,43,20
112,51,20
113,20,21
18,113,20
113,57,21
113,76,20
113,25,20
113,56,20
113,64,20
50,113,20
113,41,21
113,43,20
113,51,20
103,20,21
18,103,20
103,57,21
103,76,20
103,25,20
103,56,20
103,64,20
50,103,20
103,41,21
103,43,20
103,51,20
20,114,21
18,114,20
114,57,21
114,76,20
114,25,20
56,114,20
64,114,20
50,114,20
41,114,21
43,114,20
114,51,20
20,38,18
57,38,18
56,38,17
64,38,17
50,38,17
43,38,17
51,38,17
152,20,39
20,89,31
20,90,31
20,163,31
20,88,38
89,32,31
90,32,31
163,32,31
32,88,38
50,152,33
50,89,31
50,90,31
50,49,44
50,163,31
50,88,33
18,89,31
18,90,31
18,163,31
18,88,38
82,152,38
82,89,31
82,90,31
82,163,31
82,88,38
152,36,33
152,19,38
152,24,33
152,41,38
152,56,38
152,64,38
152,89,31
152,58,35
152,90,31
152,28,33
152,49,38
152,2,38
152,163,31
152,76,38
152,88,38
152,25,38
36,89,31
36,90,31
36,163,31
36,88,33
19,89,31
19,90,31
19,163,31
19,88,38
24,89,31
24,90,31
24,163,31
24,88,33
41,89,31
41,90,31
41,163,31
41,88,38
56,89,31
56,58,87
56,90,31
56,49,90
56,163,31
56,88,38
64,89,31
64,58,35
64,90,31
64,49,38
64,163,31
64,88,38
89,58,28
89,0,31
89,28,31
89,49,31
89,39,31
89,163,31
89,30,31
89,76,31
89,37,31
89,48,31
89,25,31
58,90,28
58,163,28
58,88,35
90,0,31
90,28,31
90,49,31
90,39,31
90,163,31
90,30,31
90,76,31
90,37,31
90,48,31
90,25,31
0,163,31
0,88,38
28,163,31
28,88,33
49,163,31
49,88,38
39,163,31
39,88,38
2,163,31
2,88,38
163,30,31
163,76,31
163,88,31
163,37,31
163,48,31
163,25,31
30,88,38
76,88,38
88,37,38
88,48,38
88,25,38
68,48,6
69,48,6
56,22,66
56,42,2
56,23,2
64,22,14
64,42,2
64,23,2
50,22,20
42,39,2
50,42,2
14,48,2
18,14,2
82,14,2
36,14,2
24,14,2
43,14,2
31,14,2
28,14,2
39,14,2
2,14,2
30,14,2
57,14,2
14,51,2
14,37,2
14,25,2
66,14,2
50,14,2
32,62,61
136,32,61
140,32,61
96,32,62
141,32,61
32,139,55
152,62,9
152,9,10
152,135,9
152,136,9
152,140,9
152,43,15
152,96,10
152,141,9
152,57,15
152,51,15
152,139,7
153,62,7
153,9,7
135,153,7
153,136,7
153,140,7
153,20,9
153,43,7
153,96,7
153,141,7
153,57,7
153,51,7
153,139,7
117,62,7
117,9,7
135,117,7
117,136,7
117,140,7
117,43,9
117,96,7
117,141,7
117,57,9
117,51,9
117,139,7
154,62,7
154,9,7
135,154,7
136,154,7
140,154,7
20,154,9
154,43,7
154,96,7
154,141,7
154,57,7
154,51,7
154,139,7
155,62,7
155,9,7
135,155,7
136,155,7
140,155,7
20,155,9
43,155,7
96,155,7
155,141,7
155,57,7
155,51,7
155,139,7
60,62,28
136,60,27
140,60,27
96,60,28
141,60,28
60,139,20
0,62,76
140,0,76
96,0,77
141,0,76
156,62,61
156,9,61
135,156,61
136,156,61
140,156,61
20,156,63
43,156,61
96,156,61
141,156,61
156,57,61
156,51,53
156,139,55
157,62,7
157,9,7
135,157,7
136,157,7
140,157,7
20,157,9
43,157,7
96,157,7
141,157,7
157,57,7
157,51,7
157,139,7
39,62,61
136,39,61
140,39,61
96,39,62
141,39,61
39,139,55
136,127,36
140,127,36
136,22,64
140,22,64
96,22,64
141,22,64
22,139,55
30,62,64
135,30,64
136,30,64
140,30,64
96,30,65
141,30,64
30,139,55
37,62,26
136,37,26
140,37,26
96,37,27
141,37,26
37,139,21
62,48,61
136,48,61
140,48,61
96,48,62
141,48,61
48,139,55
43,88,14
60,88,12
57,88,14
51,88,14
60,2,28
50,60,10
56,60,27
64,60,12
54,61,12
54,96,24
54,141,24
54,125,7
54,126,22
54,127,22
54,143,16
54,139,9
54,138,24
54,60,7
52,61,1
52,96,1
52,141,1
52,125,1
52,2,1
52,126,1
52,127,1
52,143,1
52,139,1
52,138,1
52,60,1
92,61,12
92,20,24
92,41,12
92,96,24
92,141,24
92,125,9
92,2,9
92,126,24
92,127,24
92,57,24
92,143,16
92,139,9
92,138,24
92,60,4
47,61,1
47,96,1
47,141,1
47,125,1
47,126,1
47,127,1
47,143,1
47,139,1
47,138,1
47,60,1
87,61,1
96,87,1
141,87,1
125,87,1
87,2,1
87,126,1
87,127,1
87,143,1
87,139,1
138,87,1
60,87,1
59,61,24
59,96,24
59,141,24
59,125,5
59,126,5
59,127,5
59,143,1
59,139,24
59,138,24
93,61,1
93,96,1
93,141,1
93,125,1
93,126,1
93,127,1
93,143,1
93,139,1
93,138,1
93,60,1
53,61,1
96,53,1
141,53,1
125,53,1
53,126,1
53,127,1
53,143,1
53,139,1
138,53,1
60,53,1
112,61,1
112,96,1
112,141,1
112,125,1
112,2,4
112,126,1
112,127,1
112,143,1
112,139,1
112,138,1
112,60,1
113,61,1
113,96,1
113,141,1
113,125,1
113,2,4
113,126,1
113,127,1
113,143,1
113,139,1
113,138,1
113,60,1
103,61,1
103,96,1
103,141,1
103,125,1
103,2,4
103,126,1
103,127,1
103,143,1
103,139,1
103,138,1
103,60,1
114,61,1
96,114,1
141,114,1
114,125,1
114,2,4
114,126,1
114,127,1
114,143,1
114,139,1
138,114,1
60,114,1
55,61,8
55,20,8
55,41,8
55,96,8
55,141,8
55,125,8
55,126,8
55,127,8
55,57,8
55,143,1
55,139,6
55,138,5
55,60,8
61,38,1
96,38,1
141,38,1
125,38,1
126,38,1
127,38,1
143,38,1
139,38,1
138,38,1
60,38,1
66,60,27
60,143,4
138,60,19
118,48,2
119,48,2
81,48,2
120,48,2
121,48,2
75,32,26
118,32,2
119,32,2
45,32,2
120,32,2
121,32,2
82,116,27
82,117,10
82,118,2
82,119,2
82,81,2
82,120,2
82,121,2
24,116,7
117,24,5
118,24,2
24,119,2
24,81,2
24,120,2
24,121,2
117,41,10
118,41,2
41,119,2
41,120,2
41,121,2
118,43,2
119,43,2
43,81,2
43,120,2
43,121,2
31,116,2
117,31,2
118,31,2
119,31,2
31,81,2
31,120,2
31,121,2
28,116,7
117,28,5
118,28,2
119,28,2
81,28,2
28,120,2
28,121,2
75,39,26
118,39,2
119,39,2
45,39,2
81,39,2
120,39,2
39,121,2
116,30,64
118,30,2
119,30,2
81,30,2
120,30,2
121,30,2
118,57,2
119,57,2
81,57,2
120,57,2
121,57,2
116,76,27
117,76,10
118,76,2
119,76,2
81,76,2
120,76,2
121,76,2
118,51,2
119,51,2
81,51,2
120,51,2
121,51,2
75,37,13
118,37,2
119,37,2
81,37,2
120,37,2
121,37,2
116,25,42
117,25,10
118,25,2
119,25,2
81,25,2
120,25,2
121,25,2
54,63,21
54,58,23
54,65,23
54,135,23
54,164,23
54,158,23
54,136,23
54,140,23
54,165,23
54,166,23
54,167,23
54,168,23
54,169,23
92,65,23
18,92,23
135,92,23
92,43,23
92,164,23
92,116,23
92,25,23
158,92,23
136,92,23
140,92,23
92,165,23
92,166,23
92,167,23
92,168,23
92,169,23
92,0,23
63,65,32
63,62,32
66,63,32
18,63,32
63,96,32
63,164,32
63,141,32
63,143,15
63,25,32
136,63,32
140,63,32
63,165,32
63,166,32
63,167,32
63,168,32
63,169,32
63,138,27
65,58,74
58,164,74
58,141,75
58,143,16
140,58,75
58,165,74
58,166,74
58,167,74
58,168,74
58,169,74
65,62,74
66,65,74
18,65,74
135,65,74
20,65,74
65,43,74
65,96,74
65,164,74
65,141,74
65,116,74
65,126,34
65,127,34
65,57,74
65,143,16
65,25,40
158,65,74
136,65,74
140,65,74
65,165,74
65,166,74
65,167,74
65,168,74
65,169,74
65,0,74
65,138,66
50,65,18
164,62,74
62,25,41
158,62,74
165,62,74
166,62,74
167,62,74
168,62,74
169,62,74
50,62,19
66,164,74
66,116,74
158,66,74
66,140,75
66,165,74
66,166,74
66,167,74
66,168,74
66,169,74
18,164,74
18,126,34
18,143,16
18,158,74
18,165,74
18,166,74
18,167,74
18,168,74
18,169,74
18,138,67
135,164,74
135,143,16
135,165,74
135,166,74
135,167,74
135,168,74
135,169,74
50,135,19
20,164,74
20,165,74
20,166,74
20,167,74
20,168,74
20,169,74
43,164,74
43,143,16
43,165,74
43,166,74
43,167,74
43,168,74
43,169,74
96,164,74
96,116,74
158,96,74
96,165,74
96,166,74
96,167,74
96,168,74
96,169,74
50,96,20
164,141,74
164,116,74
164,126,34
164,127,34
164,57,74
164,143,16
164,25,40
158,164,74
136,164,74
140,164,74
164,165,74
164,166,74
164,167,74
164,168,74
164,169,74
164,0,74
138,164,66
50,164,18
141,116,74
141,25,41
158,141,74
141,165,74
141,166,74
141,167,74
141,168,74
141,169,74
50,141,19
116,143,16
136,116,74
140,116,74
165,116,74
116,166,74
116,167,74
116,168,74
116,169,74
138,116,66
50,116,19
126,25,34
136,126,34
140,126,34
165,126,34
166,126,34
167,126,34
126,168,34
126,169,34
50,126,18
127,25,37
165,127,34
166,127,34
167,127,34
168,127,34
127,169,34
50,127,21
165,57,74
166,57,74
167,57,74
168,57,74
169,57,74
143,25,16
158,143,16
136,143,16
140,143,16
165,143,16
166,143,16
167,143,16
168,143,16
169,143,16
0,143,16
50,143,8
158,25,40
140,25,41
165,25,40
166,25,40
167,25,40
168,25,40
169,25,40
158,136,74
158,140,74
158,165,74
158,166,74
158,167,74
158,168,74
158,169,74
158,138,66
50,158,18
136,165,74
136,166,74
136,167,74
136,168,74
136,169,74
50,136,19
140,165,74
140,166,74
140,167,74
140,168,74
140,169,74
140,138,67
50,140,19
165,166,74
165,167,74
165,168,74
165,169,74
0,165,74
138,165,66
50,165,18
166,167,74
166,168,74
166,169,74
0,166,74
138,166,66
50,166,18
167,168,74
167,169,74
0,167,74
138,167,66
50,167,18
168,169,74
0,168,74
138,168,66
50,168,18
0,169,74
138,169,66
50,169,18
50,138,17
92,51,14
65,51,63
164,51,63
51,143,12
165,51,63
166,51,63
167,51,63
168,51,63
169,51,63
56,116,60
75,56,25
117,56,9
118,56,1
56,119,1
56,45,1
56,81,1
56,120,1
56,121,1
64,116,8
75,64,10
117,64,9
118,64,1
64,119,1
64,45,1
64,81,1
64,120,1
64,121,1
50,75,13
50,117,4
50,118,1
50,119,1
50,45,4
50,81,1
50,120,1
50,121,1
54,152,6
54,163,3
112,48,3
82,112,3
152,112,3
112,36,3
112,19,3
112,24,3
112,89,3
112,31,3
112,90,3
112,28,3
112,49,3
112,39,3
112,163,3
112,30,3
112,88,3
112,37,3
113,48,3
82,113,3
152,113,3
113,36,3
113,19,3
113,24,3
113,89,3
113,31,3
113,90,3
113,28,3
113,49,3
113,39,3
113,163,3
113,30,3
113,88,3
113,37,3
103,48,3
82,103,3
152,103,3
103,36,3
103,19,3
103,24,3
103,89,3
103,31,3
103,90,3
103,28,3
103,49,3
103,39,3
103,163,3
103,30,3
103,88,3
103,37,3
114,48,3
82,114,3
152,114,3
36,114,3
19,114,3
24,114,3
89,114,3
31,114,3
90,114,3
114,28,3
114,49,3
114,39,3
114,163,3
114,30,3
114,88,3
114,37,3
152,31,3
89,43,7
89,31,3
89,57,7
89,51,7
43,90,7
43,163,7
31,90,3
31,49,3
31,163,3
31,88,3
90,57,7
90,51,7
163,57,7
163,51,7
142,32,24
32,91,24
32,115,24
50,9,12
50,142,12
50,91,12
50,115,12
18,142,24
18,91,24
18,115,24
75,152,9
152,142,9
152,91,9
152,115,9
36,9,4
142,36,4
36,96,7
36,91,4
36,115,4
24,9,4
142,24,4
24,96,7
24,91,4
24,115,4
142,41,24
41,91,24
41,115,24
56,9,61
142,56,24
56,96,61
56,91,24
56,115,24
64,9,9
142,64,9
64,96,9
64,91,9
64,115,9
89,9,4
75,89,4
142,89,4
89,96,4
89,91,4
89,115,4
90,9,4
75,90,4
142,90,4
90,96,4
90,91,4
90,115,4
142,0,24
0,91,24
0,115,24
28,9,4
142,28,4
96,28,7
28,91,4
28,115,4
142,49,24
96,49,64
49,91,24
49,115,24
142,39,24
39,91,24
39,115,24
163,9,4
75,163,4
142,163,4
96,163,4
163,91,4
163,115,4
142,30,24
30,91,24
30,115,24
88,9,9
75,88,9
142,88,9
96,88,9
91,88,9
88,115,9
142,37,11
91,37,11
115,37,11
142,48,24
91,48,24
115,48,24
50,153,3
50,154,3
50,155,3
50,156,13
50,157,3
82,153,8
82,154,8
82,155,8
82,156,25
82,157,8
82,127,25
153,36,3
36,154,3
36,155,3
36,156,5
36,157,3
36,127,8
153,19,8
19,154,8
19,155,8
19,156,50
19,157,8
19,127,25
153,24,3
24,154,3
24,155,3
24,156,5
24,157,3
24,127,8
153,41,8
41,154,8
41,155,8
41,156,62
41,157,8
153,56,8
154,56,8
56,155,8
56,156,62
56,157,8
56,127,22
153,64,8
154,64,8
64,155,8
64,156,10
64,157,8
64,127,10
153,89,3
117,89,3
154,89,3
89,155,3
89,60,5
89,156,5
89,157,3
89,127,5
153,58,8
117,58,8
154,58,8
58,155,8
58,156,62
58,157,8
153,90,3
117,90,3
154,90,3
90,155,3
90,60,5
90,156,5
90,157,3
90,127,5
153,28,3
154,28,3
155,28,3
156,28,5
28,157,3
28,127,8
153,49,8
154,49,8
155,49,8
156,49,62
49,157,8
153,2,8
154,2,8
155,2,8
156,2,62
157,2,8
153,163,3
117,163,3
154,163,3
155,163,3
60,163,5
156,163,5
157,163,3
163,127,5
163,22,5
153,76,8
154,76,8
155,76,8
156,76,25
157,76,8
127,76,25
153,88,8
117,88,8
154,88,8
155,88,8
156,88,10
157,88,8
127,88,10
153,25,8
154,25,8
155,25,8
156,25,28
157,25,8
66,9,60
66,56,60
66,156,60
66,49,63
61,9,59
158,61,62
135,61,62
136,61,62
140,61,62
65,61,62
56,61,59
164,61,62
165,61,62
156,61,59
39,61,59
116,61,62
166,61,62
167,61,62
61,168,62
61,169,62
61,32,59
61,137,59
61,48,59
56,62,60
49,62,63
137,62,60
65,9,59
164,9,59
165,9,59
166,9,59
167,9,59
168,9,59
169,9,59
138,9,52
18,137,60
158,56,59
158,156,59
158,2,59
158,30,62
158,139,53
135,56,60
136,56,60
136,49,63
140,41,63
140,56,60
140,49,63
140,2,60
140,137,60
41,65,62
41,164,62
41,165,62
41,166,62
41,167,62
41,168,62
41,169,62
65,56,59
65,156,59
65,49,62
65,39,59
65,2,59
65,32,59
65,22,62
65,30,62
65,137,59
65,48,59
65,139,53
56,164,59
56,141,60
56,165,59
56,166,59
56,167,59
56,168,59
56,169,59
56,137,60
138,56,52
56,139,54
96,137,60
164,156,59
164,49,62
164,39,59
164,2,59
164,32,59
164,22,62
164,30,62
164,137,59
164,48,59
164,139,53
141,49,63
141,137,60
165,156,59
165,49,62
165,39,59
165,2,59
165,32,59
165,22,62
165,30,62
165,137,59
165,48,59
165,139,53
156,116,59
156,166,59
156,167,59
156,168,59
156,169,59
156,137,60
138,156,52
49,166,62
49,167,62
49,168,62
49,169,62
138,49,55
49,139,54
39,166,59
39,167,59
39,168,59
39,169,59
138,39,52
2,166,59
2,167,59
2,168,59
2,169,59
116,139,53
166,32,59
166,22,62
166,30,62
166,137,59
166,48,59
166,139,53
167,32,59
167,22,62
167,30,62
167,137,59
167,48,59
167,139,53
168,32,59
168,22,62
168,30,62
168,137,59
168,48,59
168,139,53
169,32,59
169,22,62
169,30,62
169,137,59
169,48,59
169,139,53
138,32,52
138,22,55
30,137,60
138,30,55
138,48,52
19,62,51
158,19,50
135,19,51
19,136,51
19,140,51
19,65,50
19,164,50
19,141,51
19,165,50
19,166,50
19,167,50
19,168,50
19,169,50
19,137,48
19,138,43
19,139,42
59,9,23
59,158,23
59,135,23
59,136,23
59,140,23
59,65,23
59,164,23
59,165,23
59,156,23
59,39,23
59,166,23
59,167,23
59,168,23
59,169,23
59,30,23
59,137,23
59,48,23
65,37,24
164,37,24
165,37,24
166,37,24
167,37,24
168,37,24
169,37,24
138,37,20
54,9,8
54,156,8
54,137,8
65,60,25
164,60,25
60,165,25
60,166,25
60,167,25
60,168,25
60,169,25
142,136,23
142,22,23
142,62,23
158,142,22
66,142,23
135,142,23
142,140,23
142,65,22
142,164,22
142,141,23
142,165,22
142,156,23
142,116,22
142,166,22
142,167,22
142,61,22
142,168,22
142,169,22
142,137,23
142,60,13
136,91,23
136,115,23
75,136,23
82,136,26
136,76,26
22,91,23
22,115,23
91,62,23
158,91,22
66,91,23
135,91,23
140,91,23
65,91,22
164,91,22
141,91,23
165,91,22
156,91,23
116,91,22
166,91,22
167,91,22
61,91,22
168,91,22
169,91,22
91,137,23
60,91,13
115,62,23
158,115,22
66,115,23
135,115,23
140,115,23
65,115,22
164,115,22
141,115,23
165,115,22
156,115,23
116,115,22
166,115,22
167,115,22
61,115,22
168,115,22
169,115,22
137,115,23
60,115,13
75,62,23
82,62,26
76,62,26
75,158,22
75,66,23
75,135,23
75,140,23
75,65,22
75,164,22
75,141,23
75,165,22
75,156,23
75,166,22
75,167,22
75,61,22
75,168,22
75,169,22
75,137,23
75,60,13
82,158,25
82,135,26
82,140,26
82,65,25
82,164,25
82,141,26
82,165,25
82,166,25
82,167,25
82,168,25
82,169,25
82,137,23
158,76,25
135,76,26
140,76,26
65,76,25
164,76,25
141,76,26
165,76,25
166,76,25
167,76,25
168,76,25
169,76,25
137,76,23
82,92,11
36,92,3
19,92,11
92,24,3
92,45,3
92,28,3
92,49,11
92,30,11
92,46,3
92,76,11
92,37,3
63,61,20
82,63,20
36,63,5
19,63,20
63,24,5
63,45,3
63,28,5
63,30,20
63,46,3
63,76,20
24,65,5
65,45,3
65,28,5
65,46,3
36,62,6
24,62,6
45,62,3
28,62,6
46,62,3
66,45,3
66,46,3
135,36,6
135,24,6
135,45,3
135,28,6
135,46,3
45,96,3
36,164,5
24,164,5
45,164,3
164,28,5
164,46,3
36,141,6
24,141,6
45,141,3
141,28,6
141,46,3
82,126,22
36,126,5
19,126,22
24,126,5
45,126,3
28,126,5
126,30,22
126,46,3
126,76,22
45,127,3
127,46,3
82,143,4
36,143,3
19,143,4
24,143,3
45,143,3
28,143,3
49,143,4
22,143,4
30,143,4
46,143,3
76,143,4
143,37,3
158,36,5
158,24,5
158,45,3
158,28,5
158,46,3
36,136,6
136,24,6
136,45,3
136,28,6
136,46,3
36,140,6
140,24,6
140,45,3
140,28,6
140,46,3
36,165,5
24,165,5
45,165,3
165,28,5
165,46,3
36,166,5
24,166,5
45,166,3
28,166,5
166,46,3
36,167,5
24,167,5
45,167,3
28,167,5
167,46,3
36,168,5
24,168,5
45,168,3
28,168,5
168,46,3
36,169,5
24,169,5
45,169,3
28,169,5
169,46,3
82,138,18
36,138,4
24,138,4
138,45,3
138,28,4
138,46,3
138,76,18
50,61,13
122,65,19
65,123,19
65,124,19
65,125,19
66,122,19
66,123,19
66,124,19
18,122,19
18,123,19
18,124,19
18,125,19
122,136,19
136,123,19
136,124,19
136,125,19
122,140,19
140,123,19
140,124,19
140,125,19
75,138,15
142,138,15
122,138,14
138,123,14
138,124,14
138,91,15
138,115,15
122,96,19
96,123,19
96,124,19
122,164,19
123,164,19
164,124,19
164,125,19
122,141,19
123,141,19
124,141,19
122,166,19
123,166,19
124,166,19
125,166,19
75,126,19
142,126,19
56,126,19
156,126,19
126,91,19
126,115,19
75,127,20
142,127,20
127,91,20
127,115,20
122,25,19
123,25,19
124,25,19
125,25,19
122,61,19
123,61,19
124,61,19
75,122,19
75,123,19
75,124,19
75,125,19
82,122,19
82,123,19
82,124,19
82,125,19
142,122,19
142,123,19
142,124,19
142,125,19
122,19,19
122,56,19
122,165,19
122,156,19
122,2,19
122,167,19
122,168,19
122,169,19
122,30,19
122,91,19
122,76,19
122,115,19
19,123,19
19,124,19
19,125,19
56,123,19
56,124,19
56,125,19
123,165,19
123,156,19
123,2,19
123,167,19
123,168,19
123,169,19
123,30,19
123,91,19
123,76,19
123,115,19
124,165,19
124,156,19
124,2,19
124,167,19
124,168,19
124,169,19
124,30,19
124,91,19
124,76,19
124,115,19
125,165,19
125,156,19
125,167,19
125,168,19
125,169,19
125,30,19
125,91,19
125,76,19
125,115,19
143,9,1
75,143,1
75,139,17
82,139,17
142,143,1
142,139,17
122,143,1
122,139,16
56,143,1
123,143,1
123,139,16
124,143,1
124,139,16
156,143,1
39,143,1
32,143,1
91,143,1
91,139,17
137,143,1
76,139,17
143,115,1
143,48,1
115,139,17
50,137,11
50,139,9
152,66,8
152,137,8
152,138,5
36,137,3
36,139,1
24,137,3
24,139,1
66,64,8
64,62,8
135,64,8
136,64,8
140,64,8
64,141,8
64,137,8
138,64,5
64,139,6
66,89,3
89,62,3
135,89,3
136,89,3
140,89,3
89,141,3
89,137,3
138,89,1
89,139,1
66,90,3
90,62,3
135,90,3
136,90,3
140,90,3
90,141,3
90,137,3
138,90,1
90,139,1
28,137,3
28,139,1
66,163,3
163,62,3
135,163,3
136,163,3
140,163,3
141,163,3
163,137,3
138,163,1
163,139,1
66,88,8
88,62,8
135,88,8
136,88,8
140,88,8
141,88,8
137,88,8
138,88,5
88,139,6
66,153,6
75,153,6
153,142,6
153,91,6
153,137,6
153,115,6
153,138,5
66,117,6
117,142,6
117,91,6
117,137,6
117,115,6
117,138,5
66,154,6
75,154,6
142,154,6
154,91,6
154,137,6
154,115,6
138,154,5
66,155,6
75,155,6
142,155,6
155,91,6
155,137,6
155,115,6
138,155,5
66,157,6
75,157,6
142,157,6
157,91,6
157,137,6
157,115,6
138,157,5
142,63,17
63,91,17
63,115,17
75,63,17
63,56,17
63,156,17
63,2,17
63,139,15
92,9,8
75,92,8
142,92,8
122,92,8
92,56,8
92,123,8
92,124,8
92,156,8
92,39,8
92,32,8
92,91,8
92,137,8
92,115,8
92,48,8
50,122,10
50,123,10
50,124,10
50,125,10
54,142,6
54,122,6
54,123,6
54,124,6
54,91,6
54,115,6
55,63,7
152,63,7
63,88,7
63,64,7
153,63,5
117,63,5
63,154,5
63,155,5
63,157,5
55,152,7
55,39,7
55,88,7
55,64,7
55,32,7
18,55,7
55,153,5
55,117,5
55,154,5
55,155,5
55,0,7
55,156,7
55,157,5
55,30,7
55,37,7
55,48,7
55,9,7
55,158,7
55,135,7
55,142,7
55,122,7
55,136,7
55,140,7
55,43,7
55,58,7
55,123,7
55,124,7
55,49,7
55,116,7
55,91,7
55,137,7
55,51,7
55,115,7
55,65,7
55,75,7
55,82,7
55,19,7
55,164,7
55,165,7
55,166,7
55,167,7
55,168,7
55,169,7
55,76,7
152,158,7
152,122,7
152,123,7
152,124,7
152,125,7
152,116,7
152,126,7
152,65,7
152,61,7
152,164,7
152,165,7
152,166,7
152,167,7
152,168,7
152,169,7
158,88,7
122,88,7
123,88,7
124,88,7
125,88,7
116,88,7
126,88,7
65,88,7
61,88,7
164,88,7
165,88,7
166,88,7
167,88,7
168,88,7
169,88,7
158,64,7
122,64,7
64,123,7
64,124,7
64,125,7
64,126,7
65,64,7
64,61,7
64,164,7
64,165,7
64,166,7
64,167,7
64,168,7
64,169,7
158,153,5
153,122,5
153,123,5
153,124,5
153,125,5
153,116,5
153,126,5
153,65,5
153,61,5
153,164,5
153,165,5
153,166,5
153,167,5
153,168,5
153,169,5
158,117,5
117,122,5
117,123,5
117,124,5
117,125,5
117,126,5
117,65,5
117,61,5
117,164,5
117,165,5
117,166,5
117,167,5
117,168,5
117,169,5
158,154,5
122,154,5
154,123,5
154,124,5
154,125,5
154,116,5
154,126,5
65,154,5
154,61,5
154,164,5
154,165,5
154,166,5
154,167,5
154,168,5
154,169,5
158,155,5
122,155,5
123,155,5
155,124,5
155,125,5
155,116,5
155,126,5
65,155,5
155,61,5
164,155,5
155,165,5
155,166,5
155,167,5
155,168,5
155,169,5
158,157,5
122,157,5
123,157,5
124,157,5
125,157,5
157,116,5
157,126,5
65,157,5
157,61,5
164,157,5
165,157,5
157,166,5
157,167,5
157,168,5
157,169,5
63,89,2
63,90,2
63,163,2
50,55,2
55,24,2
55,89,2
55,90,2
55,28,2
55,163,2
122,36,2
36,123,2
36,124,2
36,125,2
122,24,2
24,123,2
24,124,2
24,125,2
158,89,2
122,89,2
89,123,2
89,124,2
89,125,2
89,116,2
89,126,2
65,89,2
89,164,2
89,165,2
89,166,2
89,167,2
89,61,2
89,168,2
89,169,2
158,90,2
122,90,2
90,123,2
90,124,2
90,125,2
90,116,2
90,126,2
65,90,2
90,164,2
90,165,2
90,166,2
90,167,2
90,61,2
90,168,2
90,169,2
122,28,2
123,28,2
124,28,2
125,28,2
158,163,2
122,163,2
123,163,2
124,163,2
125,163,2
116,163,2
126,163,2
65,163,2
164,163,2
165,163,2
166,163,2
167,163,2
163,61,2
163,168,2
163,169,2
59,63,4
59,152,4
59,88,4
59,153,4
59,154,4
59,155,4
59,157,4
59,82,4
59,142,4
59,122,4
59,123,4
59,124,4
59,91,4
59,115,4
54,153,3
54,154,3
54,155,3
54,157,3
